time,avgSpeed,flow,avgDensity
10001,4.4047826125576455,0,0.008407738095238095
10002,4.459599011142947,0,0.008407738095238095
10003,4.406317005490653,1,0.008426339285714285
10004,4.362677588714639,1,0.008482142857142856
10005,4.417667273926926,0,0.008482142857142856
10006,4.472787146523726,0,0.008482142857142856
10007,4.528174289525074,0,0.008482142857142856
10008,4.485884598881028,1,0.008444940476190476
10009,4.440681285125166,1,0.008463541666666666
10010,4.397939537809792,1,0.008482142857142856
10011,4.4453553655935165,0,0.008482142857142856
10012,4.402746353945042,1,0.008519345238095237
10013,4.457883788505261,0,0.008519345238095237
10014,4.4146483223322255,1,0.008482142857142856
10015,4.469838992060802,0,0.008482142857142856
10016,4.426642404083278,1,0.008500744047619047
10017,4.482130227893588,0,0.008500744047619047
10018,4.537732085094652,0,0.008500744047619047
10019,4.494653786113976,1,0.008482142857142856
10020,4.452854347772128,1,0.008426339285714285
10021,4.5079614953332205,0,0.008426339285714285
10022,4.563287593265475,0,0.008426339285714285
10023,4.618793218026867,0,0.008426339285714285
10024,4.5761192642985415,1,0.008482142857142856
10025,4.535181081235175,1,0.008482142857142856
10026,4.4930823197172,1,0.008500744047619047
10027,4.256159968307907,3,0.008519345238095237
10028,4.312299019514891,0,0.008519345238095237
10029,4.368696370796963,0,0.008519345238095237
10030,4.3269439547120685,1,0.008463541666666666
10031,4.27389179217762,1,0.008426339285714285
10032,4.132880247097277,2,0.008444940476190476
10033,4.1890212024601166,0,0.008444940476190476
10034,4.146811664033656,1,0.008482142857142856
10035,4.203116440253594,0,0.008482142857142856
10036,4.259467775346872,0,0.008482142857142856
10037,4.315869089405745,0,0.008482142857142856
10038,4.176395595406197,2,0.008482142857142856
10039,4.23282993674491,0,0.008482142857142856
10040,4.284463076005416,0,0.008482142857142856
10041,4.335660058652142,0,0.008482142857142856
10042,4.391557821160445,0,0.008482142857142856
10043,4.447524966966988,0,0.008482142857142856
10044,4.503530183600309,0,0.008482142857142856
10045,4.458221662501914,1,0.008444940476190476
10046,4.415384414378544,1,0.008426339285714285
10047,4.3733075550818805,1,0.008426339285714285
10048,4.421197455259836,0,0.008426339285714285
10049,4.476647121705937,0,0.008426339285714285
10050,4.532233016071122,0,0.008426339285714285
10051,4.587986425013121,0,0.008426339285714285
10052,4.643844709289904,0,0.008426339285714285
10053,4.6998101782336725,0,0.008426339285714285
10054,4.657591680971318,1,0.008463541666666666
10055,4.6155502657165774,1,0.008500744047619047
10056,4.672004063005954,0,0.008500744047619047
10057,4.727488875787563,0,0.008500744047619047
10058,4.78356678830952,0,0.008500744047619047
10059,4.839698298421725,0,0.008500744047619047
10060,4.895872914753922,0,0.008500744047619047
10061,4.853328187270038,1,0.008519345238095237
10062,4.909083040852087,0,0.008519345238095237
10063,4.866614314714594,1,0.008500744047619047
10064,4.9226006118060575,0,0.008500744047619047
10065,4.8827809915490015,1,0.008444940476190476
10066,4.938729168837551,0,0.008444940476190476
10067,4.60425975213513,4,0.008482142857142856
10068,4.660846909858781,0,0.008482142857142856
10069,4.620053887202152,1,0.008482142857142856
10070,4.675217877317961,0,0.008482142857142856
10071,4.731725591924944,0,0.008482142857142856
10072,4.591247361260351,2,0.008537946428571428
10073,4.549070962121951,1,0.008537946428571428
10074,4.507066144586066,1,0.00857514880952381
10075,4.563620103017459,0,0.00857514880952381
10076,4.522039801070168,1,0.00857514880952381
10077,4.578966924641826,0,0.00857514880952381
10078,4.62943440542113,0,0.00857514880952381
10079,4.68696377913434,0,0.00857514880952381
10080,4.744249733904009,0,0.00857514880952381
10081,4.7032459986172785,1,0.00859375
10082,4.662474352840185,1,0.00857514880952381
10083,4.71583854168214,0,0.00857514880952381
10084,4.7724444261942205,0,0.00857514880952381
10085,4.822303450432338,0,0.00857514880952381
10086,4.7802311013217,1,0.00857514880952381
10087,4.739837787084122,1,0.008537946428571428
10088,4.698144777220462,1,0.008519345238095237
10089,4.754469898131429,0,0.008519345238095237
10090,4.81104830634976,0,0.008519345238095237
10091,4.867985192319242,0,0.008519345238095237
10092,4.923709346587729,0,0.008519345238095237
10093,4.882360941112737,1,0.008482142857142856
10094,4.939427005714973,0,0.008482142857142856
10095,4.894816882776188,1,0.008463541666666666
10096,4.951636817139477,0,0.008463541666666666
10097,5.0085938551194555,0,0.008463541666666666
10098,4.9672490417214235,1,0.008407738095238095
10099,5.024505931391107,0,0.008407738095238095
10100,5.0819127208700685,0,0.008407738095238095
10101,5.0411150058935394,1,0.008426339285714285
10102,5.001825038901361,1,0.008426339285714285
10103,4.8638430450119134,2,0.008407738095238095
10104,4.9212613330221116,0,0.008407738095238095
10105,4.978730928616512,0,0.008407738095238095
10106,4.939114045106115,1,0.008407738095238095
10107,4.996673010342406,0,0.008407738095238095
10108,4.95582316277182,1,0.008463541666666666
10109,5.013433388359986,0,0.008463541666666666
10110,4.974565732653577,1,0.008444940476190476
10111,5.021661440270229,0,0.008444940476190476
10112,4.68485874145015,4,0.008444940476190476
10113,4.643331279780802,1,0.008463541666666666
10114,4.602387818975036,1,0.008444940476190476
10115,4.561450068230298,1,0.008389136904761904
10116,4.522845029212192,1,0.008389136904761904
10117,4.57947868665542,0,0.008389136904761904
10118,4.537899279007763,1,0.008351934523809524
10119,4.499489385355074,1,0.008296130952380952
10120,4.556659945007051,0,0.008296130952380952
10121,4.612751114089205,0,0.008296130952380952
10122,4.66965565743378,0,0.008296130952380952
10123,4.6281373099430985,1,0.008351934523809524
10124,4.685099928771475,0,0.008351934523809524
10125,4.742137254159657,0,0.008351934523809524
10126,4.799250559694821,0,0.008351934523809524
10127,4.856412178286577,0,0.008351934523809524
10128,4.815814404891069,1,0.008314732142857143
10129,4.774900733442035,1,0.008277529761904762
10130,4.832519161572278,0,0.008277529761904762
10131,4.6958734951687235,2,0.008314732142857143
10132,4.753821349893375,0,0.008314732142857143
10133,4.713584479049314,1,0.008277529761904762
10134,4.771007131582773,0,0.008277529761904762
10135,4.828435130679378,0,0.008277529761904762
10136,4.885504915918003,0,0.008277529761904762
10137,4.938041128679418,0,0.008277529761904762
10138,4.898218318752203,1,0.008258928571428572
10139,4.845542488342694,1,0.008296130952380952
10140,4.9021812506609885,0,0.008296130952380952
10141,4.9588554316861995,0,0.008296130952380952
10142,4.91735678997809,1,0.008333333333333333
10143,4.781530665406198,2,0.008333333333333333
10144,4.7403707628736695,1,0.008389136904761904
10145,4.797902578069472,0,0.008389136904761904
10146,4.855565458692075,0,0.008389136904761904
10147,4.621479009172468,3,0.008389136904761904
10148,4.678965558325313,0,0.008389136904761904
10149,4.441352486457314,3,0.008407738095238095
10150,4.498638299268926,0,0.008407738095238095
10151,4.5561468607802915,0,0.008407738095238095
10152,4.514291022501876,1,0.008444940476190476
10153,4.473255365271602,1,0.008444940476190476
10154,4.432328107955151,1,0.008444940476190476
10155,4.489835342853563,0,0.008444940476190476
10156,4.452923372560831,1,0.008426339285714285
10157,4.510474421710281,0,0.008426339285714285
10158,4.469599410417385,1,0.008389136904761904
10159,4.527242917719926,0,0.008389136904761904
10160,4.585012573460052,0,0.008389136904761904
10161,4.64294106698847,0,0.008389136904761904
10162,4.602820900311096,1,0.008370535714285714
10163,4.661215844015771,0,0.008370535714285714
10164,4.71963993818469,0,0.008370535714285714
10165,4.771948644507757,0,0.008370535714285714
10166,4.82987673764002,0,0.008370535714285714
10167,4.792680242258203,1,0.008333333333333333
10168,4.850784887247375,0,0.008333333333333333
10169,4.810863682185598,1,0.008333333333333333
10170,4.770707249042474,1,0.008296130952380952
10171,4.829128004709312,0,0.008296130952380952
10172,4.887608690288696,0,0.008296130952380952
10173,4.945761034346566,0,0.008296130952380952
10174,4.893990545104183,1,0.008351934523809524
10175,4.853115785781983,1,0.008314732142857143
10176,4.811777342225437,1,0.008258928571428572
10177,4.773194432219548,1,0.008258928571428572
10178,4.635859218312817,2,0.008203125
10179,4.693452723857674,0,0.008203125
10180,4.652912285202232,1,0.008203125
10181,4.710464898984988,0,0.008203125
10182,4.669748628306149,1,0.00822172619047619
10183,4.6307056669923155,1,0.00822172619047619
10184,4.688629697141624,0,0.00822172619047619
10185,4.549538121264156,2,0.008296130952380952
10186,4.607602966297133,0,0.008296130952380952
10187,4.56484075211142,1,0.008351934523809524
10188,4.622499608334617,0,0.008351934523809524
10189,4.68014747380739,0,0.008351934523809524
10190,4.6393555290637245,1,0.008296130952380952
10191,4.59857910777116,1,0.008314732142857143
10192,4.460560428006272,2,0.008314732142857143
10193,4.424251575480221,1,0.008296130952380952
10194,4.482203520283511,0,0.008296130952380952
10195,4.540203820467999,0,0.008296130952380952
10196,4.499935848980989,1,0.008314732142857143
10197,4.459780807107657,1,0.008314732142857143
10198,4.417975784224578,1,0.008296130952380952
10199,4.37643830623767,1,0.008314732142857143
10200,4.334477247890099,1,0.008333333333333333
10201,4.391231148172094,0,0.008333333333333333
10202,4.446620753633247,0,0.008333333333333333
10203,4.503286566918252,0,0.008333333333333333
10204,4.461605287978631,1,0.008333333333333333
10205,4.518414002958928,0,0.008333333333333333
10206,4.575373405201715,0,0.008333333333333333
10207,4.527623947411691,1,0.008351934523809524
10208,4.584818802771776,0,0.008351934523809524
10209,4.642126725254804,0,0.008351934523809524
10210,4.699632115690237,0,0.008351934523809524
10211,4.658840469701187,1,0.008389136904761904
10212,4.703442342468198,0,0.008389136904761904
10213,4.760798561193395,0,0.008389136904761904
10214,4.72067313866694,1,0.008389136904761904
10215,4.680807340527781,1,0.008333333333333333
10216,4.640991128741887,1,0.008314732142857143
10217,4.698283871912043,0,0.008314732142857143
10218,4.659372789090296,1,0.008296130952380952
10219,4.716970185958602,0,0.008296130952380952
10220,4.774593864646291,0,0.008296130952380952
10221,4.732326296433262,1,0.008314732142857143
10222,4.7882908815979075,0,0.008314732142857143
10223,4.845065940195319,0,0.008314732142857143
10224,4.902321871848164,0,0.008314732142857143
10225,4.951532922919037,0,0.008314732142857143
10226,5.007799731713523,0,0.008314732142857143
10227,4.969389834717108,1,0.008296130952380952
10228,5.0262883050196825,0,0.008296130952380952
10229,5.083340204349447,0,0.008296130952380952
10230,5.042997859262856,1,0.008258928571428572
10231,5.099683621541973,0,0.008258928571428572
10232,5.058695578633493,1,0.008258928571428572
10233,4.723157131682694,4,0.008333333333333333
10234,4.780304905892026,0,0.008333333333333333
10235,4.739297511091703,1,0.008296130952380952
10236,4.796920256481987,0,0.008296130952380952
10237,4.854687962792212,0,0.008296130952380952
10238,4.813002692012097,1,0.008277529761904762
10239,4.772213593428972,1,0.008296130952380952
10240,4.728745306024759,1,0.008296130952380952
10241,4.786080990604913,0,0.008296130952380952
10242,4.843695961357177,0,0.008296130952380952
10243,4.8035738496193465,1,0.008296130952380952
10244,4.861206762607477,0,0.008296130952380952
10245,4.9189980092261445,0,0.008296130952380952
10246,4.8786334036774095,1,0.008351934523809524
10247,4.838129249305163,1,0.008314732142857143
10248,4.8013245577224755,1,0.008314732142857143
10249,4.762509391977794,1,0.008333333333333333
10250,4.806870559843053,0,0.008333333333333333
10251,4.864520596530653,0,0.008333333333333333
10252,4.823905007215639,1,0.008351934523809524
10253,4.783189861269198,1,0.008333333333333333
10254,4.838736233462943,0,0.008333333333333333
10255,4.881491367728962,0,0.008333333333333333
10256,4.938349394881705,0,0.008333333333333333
10257,4.995246310921594,0,0.008333333333333333
10258,4.95652275695647,1,0.008296130952380952
10259,4.917216425615065,1,0.008296130952380952
10260,4.873063912226231,1,0.008314732142857143
10261,4.830690108735948,1,0.008333333333333333
10262,4.8865503800634515,0,0.008333333333333333
10263,4.942858982150978,0,0.008333333333333333
10264,4.900846354858791,1,0.008333333333333333
10265,4.956870794177963,0,0.008333333333333333
10266,4.915307203863736,1,0.008296130952380952
10267,4.9719795601097365,0,0.008296130952380952
10268,5.028882885152625,0,0.008296130952380952
10269,4.792336543271752,3,0.008314732142857143
10270,4.848982098782216,0,0.008314732142857143
10271,4.7104458243081515,2,0.008296130952380952
10272,4.767312584227465,0,0.008296130952380952
10273,4.725493810673317,1,0.008296130952380952
10274,4.781539050759072,0,0.008296130952380952
10275,4.83764972279543,0,0.008296130952380952
10276,4.893817851797358,0,0.008296130952380952
10277,4.750639219025797,2,0.008296130952380952
10278,4.6097258874393825,2,0.008296130952380952
10279,4.566860739803702,1,0.008314732142857143
10280,4.622665639286432,0,0.008314732142857143
10281,4.482064773970761,2,0.008370535714285714
10282,4.53766887286576,0,0.008370535714285714
10283,4.593557484347501,0,0.008370535714285714
10284,4.64963401676869,0,0.008370535714285714
10285,4.51188387659905,2,0.008407738095238095
10286,4.567865478362966,0,0.008407738095238095
10287,4.608129465061015,0,0.008407738095238095
10288,4.5661106766026744,1,0.008407738095238095
10289,4.620997452213586,0,0.008407738095238095
10290,4.675911569428293,0,0.008407738095238095
10291,4.730827499914029,0,0.008407738095238095
10292,4.785726638154428,0,0.008407738095238095
10293,4.839432045139649,0,0.008407738095238095
10294,4.795043351434953,1,0.008444940476190476
10295,4.748027548427471,1,0.008444940476190476
10296,4.801971511968482,0,0.008444940476190476
10297,4.65919991798639,2,0.008444940476190476
10298,4.61496014935478,1,0.008500744047619047
10299,4.669456451408382,0,0.008500744047619047
10300,4.718998584848549,0,0.008500744047619047
10301,4.770193400433008,0,0.008500744047619047
10302,4.824185244632366,0,0.008500744047619047
10303,4.862661087360799,0,0.008500744047619047
10304,4.809723261645151,1,0.008500744047619047
10305,4.8629873619722845,0,0.008500744047619047
10306,4.916596582327745,0,0.008500744047619047
10307,4.872785146314569,1,0.008482142857142856
10308,4.732188219062043,2,0.008463541666666666
10309,4.590441583363196,2,0.008444940476190476
10310,4.448289295738323,2,0.008407738095238095
10311,4.497097690728725,0,0.008407738095238095
10312,4.453441653522703,1,0.008351934523809524
10313,4.409374009646651,1,0.008351934523809524
10314,4.3659290532488,1,0.008370535714285714
10315,4.322037808464356,1,0.008351934523809524
10316,4.278341180612207,1,0.008351934523809524
10317,4.333332724998206,0,0.008351934523809524
10318,4.290252578196433,1,0.008370535714285714
10319,4.247494617087589,1,0.008407738095238095
10320,4.2050213994746874,1,0.008407738095238095
10321,4.2612323044924265,0,0.008407738095238095
10322,4.219231594222054,1,0.008407738095238095
10323,4.275845687535061,0,0.008407738095238095
10324,4.234171945732034,1,0.008407738095238095
10325,4.29047054751755,0,0.008407738095238095
10326,4.343189910821962,0,0.008407738095238095
10327,4.300607183695211,1,0.008426339285714285
10328,4.356777684998141,0,0.008426339285714285
10329,4.4131441685343775,0,0.008426339285714285
10330,4.469642824361765,0,0.008426339285714285
10331,4.522584418253677,0,0.008426339285714285
10332,4.57900333959623,0,0.008426339285714285
10333,4.537137606874365,1,0.008444940476190476
10334,4.593811968000367,0,0.008444940476190476
10335,4.544791225723896,1,0.008426339285714285
10336,4.503069289465034,1,0.008463541666666666
10337,4.455379320429256,1,0.008444940476190476
10338,4.511157125684912,0,0.008444940476190476
10339,4.567579903399442,0,0.008444940476190476
10340,4.624052573815676,0,0.008444940476190476
10341,4.57235536313658,1,0.008482142857142856
10342,4.530213302298684,1,0.008519345238095237
10343,4.48767545273183,1,0.008519345238095237
10344,4.444797404210039,1,0.008537946428571428
10345,4.402412261065496,1,0.00857514880952381
10346,4.2634898671469585,2,0.008463541666666666
10347,4.320037455516254,0,0.008463541666666666
10348,4.376802230846787,0,0.008463541666666666
10349,4.433708855350454,0,0.008463541666666666
10350,4.389958442614261,1,0.008426339285714285
10351,4.251337540422966,2,0.008389136904761904
10352,4.210604516903313,1,0.008333333333333333
10353,4.267553538017177,0,0.008333333333333333
10354,4.324520455215879,0,0.008333333333333333
10355,4.381554963617897,0,0.008333333333333333
10356,4.43662373439721,0,0.008333333333333333
10357,4.4924976686440985,0,0.008333333333333333
10358,4.352106830724676,2,0.008277529761904762
10359,4.310484278694262,1,0.008277529761904762
10360,4.268922520564965,1,0.008314732142857143
10361,4.325843308114097,0,0.008314732142857143
10362,4.284507803053141,1,0.008296130952380952
10363,4.341762329426653,0,0.008296130952380952
10364,4.300764995715619,1,0.008314732142857143
10365,4.357954067223723,0,0.008314732142857143
10366,4.415250068697196,0,0.008314732142857143
10367,4.4726281847900875,0,0.008314732142857143
10368,4.530061349350788,0,0.008314732142857143
10369,4.583067636941374,0,0.008314732142857143
10370,4.631351214992032,0,0.008314732142857143
10371,4.589991717944846,1,0.008296130952380952
10372,4.548555585124473,1,0.008296130952380952
10373,4.506700062590666,1,0.008296130952380952
10374,4.55937542682555,0,0.008296130952380952
10375,4.615796104470085,0,0.008296130952380952
10376,4.672494319481431,0,0.008296130952380952
10377,4.628309615021775,1,0.008277529761904762
10378,4.589885339785402,1,0.008240327380952381
10379,4.550485364264365,1,0.008258928571428572
10380,4.508472696555515,1,0.008240327380952381
10381,4.361279164822898,2,0.008277529761904762
10382,4.417313011110479,0,0.008277529761904762
10383,4.4740139062596285,0,0.008277529761904762
10384,4.432522537348388,1,0.008314732142857143
10385,4.390428919307759,1,0.008351934523809524
10386,4.446346791927892,0,0.008351934523809524
10387,4.402577921332823,1,0.008296130952380952
10388,4.459158196067095,0,0.008296130952380952
10389,4.515985162737497,0,0.008296130952380952
10390,4.572979125717129,0,0.008296130952380952
10391,4.630088361531106,0,0.008296130952380952
10392,4.687277443504427,0,0.008296130952380952
10393,4.74460679635519,0,0.008296130952380952
10394,4.802111666206529,0,0.008296130952380952
10395,4.7626192214235745,1,0.008277529761904762
10396,4.820404873772086,0,0.008277529761904762
10397,4.8782288619391885,0,0.008277529761904762
10398,4.74005211790109,2,0.008258928571428572
10399,4.699654917151348,1,0.008203125
10400,4.757797911425924,0,0.008203125
10401,4.62214183326524,2,0.00818452380952381
10402,4.680435319736598,0,0.00818452380952381
10403,4.738803908993787,0,0.00818452380952381
10404,4.698874870762491,1,0.00816592261904762
10405,4.656983917941252,1,0.00816592261904762
10406,4.616471284405401,1,0.008128720238095239
10407,4.5785518981181905,1,0.00816592261904762
10408,4.636304446507704,0,0.00816592261904762
10409,4.693056634561226,0,0.00816592261904762
10410,4.651862561583573,1,0.008147321428571429
10411,4.705642530643504,0,0.008147321428571429
10412,4.762821124606094,0,0.008147321428571429
10413,4.721632210654689,1,0.008147321428571429
10414,4.680433605698456,1,0.008128720238095239
10415,4.6395473010873545,1,0.008110119047619048
10416,4.692749081123039,0,0.008110119047619048
10417,4.652509903483184,1,0.008147321428571429
10418,4.611679119224974,1,0.008110119047619048
10419,4.669587206766482,0,0.008110119047619048
10420,4.725410235032337,0,0.008110119047619048
10421,4.782964172915488,0,0.008110119047619048
10422,4.840683999045034,0,0.008110119047619048
10423,4.898492763008017,0,0.008110119047619048
10424,4.858252982014281,1,0.008147321428571429
10425,4.719976480796773,2,0.008147321428571429
10426,4.682261882179789,1,0.008128720238095239
10427,4.740593976396929,0,0.008128720238095239
10428,4.799004586614769,0,0.008128720238095239
10429,4.857459078739662,0,0.008128720238095239
10430,4.915935158720219,0,0.008128720238095239
10431,4.974417156427629,0,0.008128720238095239
10432,4.837584446873798,2,0.00818452380952381
10433,4.799722329077084,1,0.008203125
10434,4.857791252628597,0,0.008203125
10435,4.817476863158721,1,0.00822172619047619
10436,4.875603251322091,0,0.00822172619047619
10437,4.72413927191666,2,0.00818452380952381
10438,4.68395995566305,1,0.008203125
10439,4.7417000638886035,0,0.008203125
10440,4.799426843064269,0,0.008203125
10441,4.857137594627144,0,0.008203125
10442,4.914803058942843,0,0.008203125
10443,4.874127424744704,1,0.00818452380952381
10444,4.833628313031892,1,0.00822172619047619
10445,4.891609107358517,0,0.00822172619047619
10446,4.949621922876707,0,0.00822172619047619
10447,4.907871460262164,1,0.00822172619047619
10448,4.965562713740278,0,0.00822172619047619
10449,4.925256373008981,1,0.008203125
10450,4.982996434378869,0,0.008203125
10451,4.845267626911665,2,0.00818452380952381
10452,4.902725946088831,0,0.00818452380952381
10453,4.960372416917877,0,0.00818452380952381
10454,5.01821700058638,0,0.00818452380952381
10455,5.076222197832311,0,0.00818452380952381
10456,5.134336946321918,0,0.00818452380952381
10457,5.192526496579336,0,0.00818452380952381
10458,5.250766072256386,0,0.00818452380952381
10459,5.306263261141561,0,0.00818452380952381
10460,5.364088860383061,0,0.00818452380952381
10461,5.323484482607962,1,0.00818452380952381
10462,5.381324368063264,0,0.00818452380952381
10463,5.02860121805261,4,0.008091517857142858
10464,5.085959890436545,0,0.008091517857142858
10465,5.143473772148434,0,0.008091517857142858
10466,5.201085193623901,0,0.008091517857142858
10467,5.258748226754071,0,0.008091517857142858
10468,5.3135914186354345,0,0.008091517857142858
10469,5.364803332188467,0,0.008091517857142858
10470,5.323339784083933,1,0.008128720238095239
10471,5.380359982110044,0,0.008128720238095239
10472,5.3406087188304,1,0.008147321428571429
10473,5.206043665194665,2,0.00816592261904762
10474,5.165232976834408,1,0.008147321428571429
10475,4.928736571367775,3,0.008110119047619048
10476,4.886386973590567,1,0.008128720238095239
10477,4.749545391355099,2,0.008147321428571429
10478,4.703884464619599,1,0.008147321428571429
10479,4.760718518843701,0,0.008147321428571429
10480,4.719249714037145,1,0.008128720238095239
10481,4.678039666928154,1,0.008110119047619048
10482,4.637002786129133,1,0.008147321428571429
10483,4.6940951102521185,0,0.008147321428571429
10484,4.5551040280071575,2,0.008128720238095239
10485,4.5150137711882685,1,0.008091517857142858
10486,4.47349773660279,1,0.008091517857142858
10487,4.432633252114683,1,0.008091517857142858
10488,4.489054433986674,0,0.008091517857142858
10489,4.447089918813659,1,0.008147321428571429
10490,4.503706477475031,0,0.008147321428571429
10491,4.560377048456258,0,0.008147321428571429
10492,4.617170212146297,0,0.008147321428571429
10493,4.575900781414504,1,0.008147321428571429
10494,4.632841492515698,0,0.008147321428571429
10495,4.689953283796496,0,0.008147321428571429
10496,4.746044227015902,0,0.008147321428571429
10497,4.801180915505356,0,0.008147321428571429
10498,4.759896885133796,1,0.008110119047619048
10499,4.71867973747298,1,0.008147321428571429
10500,4.677024119516958,1,0.00816592261904762
10501,4.634292679561791,1,0.00822172619047619
10502,4.591482521993382,1,0.008203125
10503,4.6469213030333165,0,0.008203125
10504,4.702621347691621,0,0.008203125
10505,4.758834367690954,0,0.008203125
10506,4.815207037751107,0,0.008203125
10507,4.758380876064124,1,0.00822172619047619
10508,4.716107786646222,1,0.008203125
10509,4.763316310720507,0,0.008203125
10510,4.818184169254223,0,0.008203125
10511,4.7746865206753055,1,0.00816592261904762
10512,4.539360642342901,3,0.008147321428571429
10513,4.497332773776188,1,0.00818452380952381
10514,4.3580138954849765,2,0.008203125
10515,4.414318693866947,0,0.008203125
10516,4.470788814577909,0,0.008203125
10517,4.325890287500462,2,0.008258928571428572
10518,4.283865443036454,1,0.008277529761904762
10519,4.3404293501761675,0,0.008277529761904762
10520,4.299319224226969,1,0.008314732142857143
10521,4.355637841542632,0,0.008314732142857143
10522,4.412235463942181,0,0.008314732142857143
10523,4.469069011866434,0,0.008314732142857143
10524,4.3303590533133525,2,0.008258928571428572
10525,4.386423410059906,0,0.008258928571428572
10526,4.344958361120948,1,0.00822172619047619
10527,4.402045134082427,0,0.00822172619047619
10528,4.3607769584618294,1,0.008277529761904762
10529,4.4174972690996235,0,0.008277529761904762
10530,4.474258068645062,0,0.008277529761904762
10531,4.525925466663717,0,0.008277529761904762
10532,4.582386629897675,0,0.008277529761904762
10533,4.639051984557403,0,0.008277529761904762
10534,4.695884327266123,0,0.008277529761904762
10535,4.752832880933379,0,0.008277529761904762
10536,4.8099301264610395,0,0.008277529761904762
10537,4.768828921802421,1,0.008277529761904762
10538,4.826325026904701,0,0.008277529761904762
10539,4.883909815502721,0,0.008277529761904762
10540,4.843758610399342,1,0.008296130952380952
10541,4.901557046441408,0,0.008296130952380952
10542,4.768308865313369,2,0.008296130952380952
10543,4.826330003537502,0,0.008296130952380952
10544,4.785973528091458,1,0.008333333333333333
10545,4.649362742110173,2,0.00822172619047619
10546,4.601889970030175,1,0.00822172619047619
10547,4.561092805713046,1,0.00818452380952381
10548,4.514469137822989,1,0.008203125
10549,4.570762956052343,0,0.008203125
10550,4.431882708871053,2,0.008203125
10551,4.39003268571053,1,0.00816592261904762
10552,4.351457854955469,1,0.008147321428571429
10553,4.310080024402873,1,0.00818452380952381
10554,4.26535737223646,1,0.008147321428571429
10555,4.322268009535856,0,0.008147321428571429
10556,4.379241442494465,0,0.008147321428571429
10557,4.436251308057774,0,0.008147321428571429
10558,4.493280155246899,0,0.008147321428571429
10559,4.550343129541591,0,0.008147321428571429
10560,4.607578661981245,0,0.008147321428571429
10561,4.566570631809123,1,0.008203125
10562,4.6242132279550265,0,0.008203125
10563,4.681954498686753,0,0.008203125
10564,4.44617584540654,3,0.008147321428571429
10565,4.405253774331507,1,0.008147321428571429
10566,4.462827672802677,0,0.008147321428571429
10567,4.421946237350176,1,0.00818452380952381
10568,4.479566764783537,0,0.00818452380952381
10569,4.534520414190293,0,0.00818452380952381
10570,4.4934421171391215,1,0.00816592261904762
10571,4.550910472340544,0,0.00816592261904762
10572,4.608409390490122,0,0.00816592261904762
10573,4.566962998251055,1,0.00822172619047619
10574,4.623891584438605,0,0.00822172619047619
10575,4.681079888912646,0,0.00822172619047619
10576,4.640032649105242,1,0.00822172619047619
10577,4.6975713067218035,0,0.00822172619047619
10578,4.75519980462305,0,0.00822172619047619
10579,4.812892145571418,0,0.00822172619047619
10580,4.772217984993545,1,0.008203125
10581,4.732942844860785,1,0.008203125
10582,4.791008938594534,0,0.008203125
10583,4.740750835042141,1,0.00816592261904762
10584,4.604618961390644,2,0.008128720238095239
10585,4.557421411067429,1,0.008128720238095239
10586,4.614198207641783,0,0.008128720238095239
10587,4.670943959095858,0,0.008128720238095239
10588,4.727811433847313,0,0.008128720238095239
10589,4.687017939613318,1,0.008110119047619048
10590,4.6465024390593355,1,0.008072916666666667
10591,4.506771531968134,2,0.008054315476190475
10592,4.465316523236377,1,0.008072916666666667
10593,4.521791636357638,0,0.008072916666666667
10594,4.578374882460826,0,0.008072916666666667
10595,4.635080823038763,0,0.008072916666666667
10596,4.691884193852671,0,0.008072916666666667
10597,4.74875555578628,0,0.008072916666666667
10598,4.608410687260187,2,0.00816592261904762
10599,4.662828156456452,0,0.00816592261904762
10600,4.718536744439421,0,0.00816592261904762
10601,4.6767807716393035,1,0.008128720238095239
10602,4.732987077330336,0,0.008128720238095239
10603,4.78939449083995,0,0.008128720238095239
10604,4.650515339530703,2,0.00816592261904762
10605,4.602732169002353,1,0.00818452380952381
10606,4.6589304072700495,0,0.00818452380952381
10607,4.715343935398582,0,0.00818452380952381
10608,4.771912344633046,0,0.00818452380952381
10609,4.82859484917904,0,0.00818452380952381
10610,4.689523493183064,2,0.008147321428571429
10611,4.746707537724912,0,0.008147321428571429
10612,4.800380733244944,0,0.008147321428571429
10613,4.758945044502635,1,0.00818452380952381
10614,4.816095546327734,0,0.00818452380952381
10615,4.775737060655459,1,0.008203125
10616,4.833622966429544,0,0.008203125
10617,4.7901436659585475,1,0.00822172619047619
10618,4.847678522084497,0,0.00822172619047619
10619,4.905214205261063,0,0.00822172619047619
10620,4.962746045343942,0,0.00822172619047619
10621,4.923285231877402,1,0.008258928571428572
10622,4.980867549425941,0,0.008258928571428572
10623,5.038458509327109,0,0.008258928571428572
10624,5.0856671510067955,0,0.008258928571428572
10625,5.143030779872034,0,0.008258928571428572
10626,5.200437753095436,0,0.008258928571428572
10627,5.159442156559102,1,0.008258928571428572
10628,5.216896418993813,0,0.008258928571428572
10629,5.0775964782647875,2,0.008240327380952381
10630,5.037142003818756,1,0.008258928571428572
10631,5.095049876023278,0,0.008258928571428572
10632,5.153099108327053,0,0.008258928571428572
10633,5.211332177438371,0,0.008258928571428572
10634,5.172144322777512,1,0.008240327380952381
10635,5.230491553919487,0,0.008240327380952381
10636,5.1904962507247125,1,0.00822172619047619
10637,5.2489658910395836,0,0.00822172619047619
10638,5.209008533262523,1,0.008203125
10639,5.169381690216232,1,0.00818452380952381
10640,5.227790674749797,0,0.00818452380952381
10641,4.892876879333052,4,0.008128720238095239
10642,4.853566273179305,1,0.008147321428571429
10643,4.714381769111712,2,0.00816592261904762
10644,4.670591077873495,1,0.00822172619047619
10645,4.6299549642525655,1,0.008258928571428572
10646,4.589398258766821,1,0.008314732142857143
10647,4.452830591859666,2,0.008333333333333333
10648,4.5104785510042715,0,0.008333333333333333
10649,4.568387762577017,0,0.008333333333333333
10650,4.527857921464282,1,0.008333333333333333
10651,4.487552413707309,1,0.008370535714285714
10652,4.447885183889565,1,0.008314732142857143
10653,4.407295674468083,1,0.008296130952380952
10654,4.465234653416852,0,0.008296130952380952
10655,4.5135595577496535,0,0.008296130952380952
10656,4.570718590299662,0,0.008296130952380952
10657,4.62800184817282,0,0.008296130952380952
10658,4.6852352988501735,0,0.008296130952380952
10659,4.742555119779546,0,0.008296130952380952
10660,4.799929619282896,0,0.008296130952380952
10661,4.857676360919066,0,0.008296130952380952
10662,4.915672117347401,0,0.008296130952380952
10663,4.973823600764236,0,0.008296130952380952
10664,4.933651374597083,1,0.008351934523809524
10665,4.892980018705654,1,0.008351934523809524
10666,4.950866444676298,0,0.008351934523809524
10667,5.0087807444981705,0,0.008351934523809524
10668,5.066710092584858,0,0.008351934523809524
10669,5.124644465022122,0,0.008351934523809524
10670,5.083830047620827,1,0.008370535714285714
10671,5.141881605606931,0,0.008370535714285714
10672,5.199925090280625,0,0.008370535714285714
10673,5.06227889994877,2,0.008370535714285714
10674,5.120360614547479,0,0.008370535714285714
10675,5.079948608120565,1,0.008370535714285714
10676,5.130019462671287,0,0.008370535714285714
10677,5.087345858092758,1,0.008351934523809524
10678,4.947206262214855,2,0.008333333333333333
10679,4.710068524920353,3,0.008277529761904762
10680,4.668584284973458,1,0.008258928571428572
10681,4.628674100446289,1,0.008240327380952381
10682,4.588104546274106,1,0.00818452380952381
10683,4.351385267067813,3,0.008147321428571429
10684,4.310275218195939,1,0.008128720238095239
10685,4.3676966986648305,0,0.008128720238095239
10686,4.425280919826409,0,0.008128720238095239
10687,4.48298113378511,0,0.008128720238095239
10688,4.534626902816543,0,0.008128720238095239
10689,4.5921691355229015,0,0.008128720238095239
10690,4.551294829554974,1,0.00816592261904762
10691,4.510006768354425,1,0.00822172619047619
10692,4.371706257293032,2,0.008258928571428572
10693,4.429749152489566,0,0.008258928571428572
10694,4.483194751853997,0,0.008258928571428572
10695,4.541093628612528,0,0.008258928571428572
10696,4.599076412230562,0,0.008258928571428572
10697,4.655955675233084,0,0.008258928571428572
10698,4.713645737691229,0,0.008258928571428572
10699,4.771400376492632,0,0.008258928571428572
10700,4.8293084682350935,0,0.008258928571428572
10701,4.8873020645585115,0,0.008258928571428572
10702,4.945345398524756,0,0.008258928571428572
10703,4.905013170928552,1,0.008277529761904762
10704,4.865883083799104,1,0.008296130952380952
10705,4.9239951990559625,0,0.008296130952380952
10706,4.786582549994111,2,0.008296130952380952
10707,4.831910227226207,0,0.008296130952380952
10708,4.692883955164369,2,0.008240327380952381
10709,4.7484625580027355,0,0.008240327380952381
10710,4.706110892511742,1,0.00822172619047619
10711,4.661129938038957,1,0.00822172619047619
10712,4.716896571680977,0,0.00822172619047619
10713,4.674358928542343,1,0.008258928571428572
10714,4.730502182078023,0,0.008258928571428572
10715,4.689948012565546,1,0.008277529761904762
10716,4.549625175638767,2,0.008258928571428572
10717,4.508069734067082,1,0.008258928571428572
10718,4.466826884476896,1,0.00822172619047619
10719,4.424797076908763,1,0.00822172619047619
10720,4.28573529476083,2,0.008240327380952381
10721,4.343019673242792,0,0.008240327380952381
10722,4.286897849908073,1,0.008240327380952381
10723,4.343926341124895,0,0.008240327380952381
10724,4.401127120795823,0,0.008240327380952381
10725,4.458599745344948,0,0.008240327380952381
10726,4.5164601036861765,0,0.008240327380952381
10727,4.574579662703291,0,0.008240327380952381
10728,4.632857738351692,0,0.008240327380952381
10729,4.687343277737896,0,0.008240327380952381
10730,4.449380901803613,3,0.008240327380952381
10731,4.408687750082111,1,0.008296130952380952
10732,4.368613911113034,1,0.008296130952380952
10733,4.4246225880507986,0,0.008296130952380952
10734,4.4818152209931625,0,0.008296130952380952
10735,4.539103464965607,0,0.008296130952380952
10736,4.596514961679522,0,0.008296130952380952
10737,4.555225398165855,1,0.008296130952380952
10738,4.613031155553008,0,0.008296130952380952
10739,4.669512322781703,0,0.008296130952380952
10740,4.726517811645879,0,0.008296130952380952
10741,4.686548075307797,1,0.008277529761904762
10742,4.645781188357693,1,0.008296130952380952
10743,4.703702148488349,0,0.008296130952380952
10744,4.761753574819556,0,0.008296130952380952
10745,4.819900164444609,0,0.008296130952380952
10746,4.682169800409528,2,0.008351934523809524
10747,4.6362027352413895,1,0.008389136904761904
10748,4.692064500341678,0,0.008389136904761904
10749,4.748917686913479,0,0.008389136904761904
10750,4.596008849812063,2,0.008407738095238095
10751,4.653412134044999,0,0.008407738095238095
10752,4.710997602561466,0,0.008407738095238095
10753,4.768703313114958,0,0.008407738095238095
10754,4.7277473329426725,1,0.008426339285714285
10755,4.785021447655384,0,0.008426339285714285
10756,4.7457625734070845,1,0.008407738095238095
10757,4.606585034142046,2,0.008463541666666666
10758,4.663535757345418,0,0.008463541666666666
10759,4.623095686937077,1,0.008444940476190476
10760,4.6808177531294675,0,0.008444940476190476
10761,4.729207253322353,0,0.008444940476190476
10762,4.777494776569912,0,0.008444940476190476
10763,4.834629839160839,0,0.008444940476190476
10764,4.89190573610103,0,0.008444940476190476
10765,4.753153323645198,2,0.008389136904761904
10766,4.810944171101662,0,0.008389136904761904
10767,4.770758842211414,1,0.008370535714285714
10768,4.829185395792407,0,0.008370535714285714
10769,4.887715714653439,0,0.008370535714285714
10770,4.749477367743655,2,0.008314732142857143
10771,4.807565525752493,0,0.008314732142857143
10772,4.865667507884821,0,0.008314732142857143
10773,4.923770404831722,0,0.008314732142857143
10774,4.981864681081218,0,0.008314732142857143
10775,5.040028297133995,0,0.008314732142857143
10776,4.9016295811765245,2,0.008351934523809524
10777,4.960107248041927,0,0.008351934523809524
10778,4.921646014147019,1,0.008407738095238095
10779,4.8819580275578,1,0.008351934523809524
10780,4.647517100039954,3,0.008296130952380952
10781,4.705754285500866,0,0.008296130952380952
10782,4.763994241414632,0,0.008296130952380952
10783,4.723815911825182,1,0.008296130952380952
10784,4.782089733376943,0,0.008296130952380952
10785,4.836679595289538,0,0.008296130952380952
10786,4.8944552109703094,0,0.008296130952380952
10787,4.853781699791738,1,0.008258928571428572
10788,4.911538719191234,0,0.008258928571428572
10789,4.969266908797636,0,0.008258928571428572
10790,5.027023543095929,0,0.008258928571428572
10791,5.071884409577538,0,0.008258928571428572
10792,5.127812249050611,0,0.008258928571428572
10793,5.086459031643765,1,0.008296130952380952
10794,5.046673823033809,1,0.008296130952380952
10795,4.907836474189519,2,0.008314732142857143
10796,4.867401702729278,1,0.008296130952380952
10797,4.8282643046438585,1,0.008240327380952381
10798,4.885736364503579,0,0.008240327380952381
10799,4.943239000268072,0,0.008240327380952381
10800,5.000757205331119,0,0.008240327380952381
10801,5.05846742266257,0,0.008240327380952381
10802,5.012984937771733,1,0.008277529761904762
10803,5.068850759120051,0,0.008277529761904762
10804,5.026957148956798,1,0.008240327380952381
10805,4.98778562446574,1,0.00822172619047619
10806,4.946512171536013,1,0.008240327380952381
10807,4.806487702480008,2,0.008258928571428572
10808,4.765149064185973,1,0.008258928571428572
10809,4.62511180887541,2,0.00816592261904762
10810,4.579617042022096,1,0.008128720238095239
10811,4.427508481936456,2,0.008091517857142858
10812,4.385715504907969,1,0.008091517857142858
10813,4.441299246946352,0,0.008091517857142858
10814,4.495834079180574,0,0.008091517857142858
10815,4.551386575145526,0,0.008091517857142858
10816,4.606120582796613,0,0.008091517857142858
10817,4.564528773227736,1,0.008110119047619048
10818,4.522843777613846,1,0.008147321428571429
10819,4.4800330956651635,1,0.008128720238095239
10820,4.4379629096510085,1,0.008128720238095239
10821,4.4933305992747385,0,0.008128720238095239
10822,4.548825663684704,0,0.008128720238095239
10823,4.604643597801222,0,0.008128720238095239
10824,4.66095619021245,0,0.008128720238095239
10825,4.717400770488109,0,0.008128720238095239
10826,4.773938677804972,0,0.008128720238095239
10827,4.83054369147797,0,0.008128720238095239
10828,4.790370466233547,1,0.008110119047619048
10829,4.749652322246274,1,0.008072916666666667
10830,4.806725444469282,0,0.008072916666666667
10831,4.765441165372888,1,0.008054315476190475
10832,4.725075441737298,1,0.008072916666666667
10833,4.778754118048826,0,0.008072916666666667
10834,4.835631799263472,0,0.008072916666666667
10835,4.892529342782612,0,0.008072916666666667
10836,4.851015698047875,1,0.008091517857142858
10837,4.9079585648807695,0,0.008091517857142858
10838,4.964950141802451,0,0.008091517857142858
10839,4.911438341980405,1,0.008091517857142858
10840,4.87174630751966,1,0.008091517857142858
10841,4.830993873685528,1,0.008110119047619048
10842,4.888923835119214,0,0.008110119047619048
10843,4.848449566539733,1,0.00816592261904762
10844,4.8072386137581695,1,0.008128720238095239
10845,4.667723398521037,2,0.00818452380952381
10846,4.528658404553872,2,0.00818452380952381
10847,4.586313407235233,0,0.00818452380952381
10848,4.644091826688861,0,0.00818452380952381
10849,4.504544624980973,2,0.008240327380952381
10850,4.562007998408211,0,0.008240327380952381
10851,4.521980756014549,1,0.008240327380952381
10852,4.579745133766287,0,0.008240327380952381
10853,4.531283095823203,1,0.008277529761904762
10854,4.588884411717425,0,0.008277529761904762
10855,4.640708407513559,0,0.008277529761904762
10856,4.59961536926228,1,0.008258928571428572
10857,4.653083584396595,0,0.008258928571428572
10858,4.415417391062394,3,0.008277529761904762
10859,4.375274965617888,1,0.008258928571428572
10860,4.430816051786728,0,0.008258928571428572
10861,4.487043562544773,0,0.008258928571428572
10862,4.543533001671325,0,0.008258928571428572
10863,4.600305177728749,0,0.008258928571428572
10864,4.657307078301169,0,0.008258928571428572
10865,4.714612406332848,0,0.008258928571428572
10866,4.772125986994519,0,0.008258928571428572
10867,4.828434667952911,0,0.008258928571428572
10868,4.885627970554279,0,0.008258928571428572
10869,4.747558938453256,2,0.008258928571428572
10870,4.804966813092015,0,0.008258928571428572
10871,4.754839362889885,1,0.00822172619047619
10872,4.713377805361742,1,0.00822172619047619
10873,4.7704371892114175,0,0.00822172619047619
10874,4.827678208567492,0,0.00822172619047619
10875,4.885016702813027,0,0.00822172619047619
10876,4.747536913193802,2,0.008277529761904762
10877,4.700663516138547,1,0.008314732142857143
10878,4.757497962895334,0,0.008314732142857143
10879,4.7160179887302744,1,0.008333333333333333
10880,4.772040647011554,0,0.008333333333333333
10881,4.8282442689762135,0,0.008333333333333333
10882,4.688170551063936,2,0.008333333333333333
10883,4.6465890157898535,1,0.008333333333333333
10884,4.601999646368293,1,0.008389136904761904
10885,4.658749436589309,0,0.008389136904761904
10886,4.422136089202424,3,0.008370535714285714
10887,4.476714902581494,0,0.008370535714285714
10888,4.418714156646042,1,0.008370535714285714
10889,4.378696253997679,1,0.008370535714285714
10890,4.433731714390109,0,0.008370535714285714
10891,4.48906714285133,0,0.008370535714285714
10892,4.442669487782542,1,0.008370535714285714
10893,4.49797942735353,0,0.008370535714285714
10894,4.5535886900028455,0,0.008370535714285714
10895,4.607301894288431,0,0.008370535714285714
10896,4.563737694403739,1,0.008351934523809524
10897,4.3228999874860135,3,0.008296130952380952
10898,4.377721421909434,0,0.008296130952380952
10899,4.432828529867872,0,0.008296130952380952
10900,4.483039430430492,0,0.008296130952380952
10901,4.538162233375093,0,0.008296130952380952
10902,4.581811621234801,0,0.008296130952380952
10903,4.634365825752099,0,0.008296130952380952
10904,4.689443438304313,0,0.008296130952380952
10905,4.733937263052187,0,0.008296130952380952
10906,4.69187933941139,1,0.008296130952380952
10907,4.635419061967915,1,0.008314732142857143
10908,4.592025506888486,1,0.008296130952380952
10909,4.550055366877277,1,0.008296130952380952
10910,4.605743701770081,0,0.008296130952380952
10911,4.564501286949172,1,0.008333333333333333
10912,4.616679783140092,0,0.008333333333333333
10913,4.475977432725735,2,0.008277529761904762
10914,4.5308401557949365,0,0.008277529761904762
10915,4.4887152154997985,1,0.008333333333333333
10916,4.347011588685341,2,0.008333333333333333
10917,4.402213064999505,0,0.008333333333333333
10918,4.4575926498774265,0,0.008333333333333333
10919,4.417029468612892,1,0.008370535714285714
10920,4.372584915277894,1,0.008314732142857143
10921,4.42796505359993,0,0.008314732142857143
10922,4.385794501672785,1,0.008296130952380952
10923,4.331027694928282,1,0.008296130952380952
10924,4.3859304323933195,0,0.008296130952380952
10925,4.324633199104946,1,0.008296130952380952
10926,4.375838782193988,0,0.008296130952380952
10927,4.428115186285342,0,0.008296130952380952
10928,4.476525089010304,0,0.008296130952380952
10929,4.52880802176052,0,0.008296130952380952
10930,4.581338024429905,0,0.008296130952380952
10931,4.341276992239327,3,0.008314732142857143
10932,4.379399897712069,0,0.008314732142857143
10933,4.431916024495386,0,0.008314732142857143
10934,4.3864961602273205,1,0.008333333333333333
10935,4.439644331756651,0,0.008333333333333333
10936,4.396182547417405,1,0.008351934523809524
10937,4.350993734243249,1,0.008351934523809524
10938,4.405165577358219,0,0.008351934523809524
10939,4.459612581668568,0,0.008351934523809524
10940,4.5142627305944645,0,0.008351934523809524
10941,4.569091273866723,0,0.008351934523809524
10942,4.525665788945284,1,0.008314732142857143
10943,4.580840986303111,0,0.008314732142857143
10944,4.537773297652101,1,0.008314732142857143
10945,4.494787873718685,1,0.008333333333333333
10946,4.536933481730369,0,0.008333333333333333
10947,4.493077558932115,1,0.008314732142857143
10948,4.547618560637615,0,0.008314732142857143
10949,4.499188490494013,1,0.008314732142857143
10950,4.553242096426635,0,0.008314732142857143
10951,4.605570590577123,0,0.008314732142857143
10952,4.659524359547067,0,0.008314732142857143
10953,4.713513575602707,0,0.008314732142857143
10954,4.575157496454855,2,0.008407738095238095
10955,4.629593653544806,0,0.008407738095238095
10956,4.6841212446943175,0,0.008407738095238095
10957,4.738889782528902,0,0.008407738095238095
10958,4.793807771505876,0,0.008407738095238095
10959,4.750460829709359,1,0.008407738095238095
10960,4.610247496659382,2,0.008444940476190476
10961,4.4693206157455965,2,0.008389136904761904
10962,4.523817307015188,0,0.008389136904761904
10963,4.473929417489629,1,0.008389136904761904
10964,4.528388109071026,0,0.008389136904761904
10965,4.58283390659976,0,0.008389136904761904
10966,4.637255670300463,0,0.008389136904761904
10967,4.691710168793289,0,0.008389136904761904
10968,4.746287949542983,0,0.008389136904761904
10969,4.800915875876365,0,0.008389136904761904
10970,4.855553696311363,0,0.008389136904761904
10971,4.811713175698198,1,0.008426339285714285
10972,4.670990327184359,2,0.008426339285714285
10973,4.528636334663985,2,0.008444940476190476
10974,4.487013902488686,1,0.008463541666666666
10975,4.442627811936151,1,0.008482142857142856
10976,4.300537462529177,2,0.008426339285714285
10977,4.256486683801846,1,0.008463541666666666
10978,4.3109458506230105,0,0.008463541666666666
10979,4.365547858653541,0,0.008463541666666666
10980,4.324367736194566,1,0.008482142857142856
10981,4.369906609274974,0,0.008482142857142856
10982,4.4235197851008605,0,0.008482142857142856
10983,4.378085089561271,1,0.008426339285714285
10984,4.336294744274042,1,0.008389136904761904
10985,4.291890090466079,1,0.008407738095238095
10986,4.346152257318906,0,0.008407738095238095
10987,4.396828850293147,0,0.008407738095238095
10988,4.450790538467155,0,0.008407738095238095
10989,4.504758439056099,0,0.008407738095238095
10990,4.557370312646856,0,0.008407738095238095
10991,4.514573665088266,1,0.008407738095238095
10992,4.568748483399224,0,0.008407738095238095
10993,4.622931092010119,0,0.008407738095238095
10994,4.578873884119705,1,0.008370535714285714
10995,4.437043961878365,2,0.008426339285714285
10996,4.491639963823849,0,0.008426339285714285
10997,4.448003088012139,1,0.008426339285714285
10998,4.502829222816685,0,0.008426339285714285
10999,4.557816435659529,0,0.008426339285714285
11000,4.61154465458268,0,0.008426339285714285
11001,4.66628742961156,0,0.008426339285714285
11002,4.526515232060936,2,0.008407738095238095
11003,4.486064174703884,1,0.008351934523809524
11004,4.537735311169492,0,0.008351934523809524
11005,4.494232056985986,1,0.008351934523809524
11006,4.451515067284042,1,0.008296130952380952
11007,4.407286924897931,1,0.008314732142857143
11008,4.365412593048665,1,0.008258928571428572
11009,4.321942733001567,1,0.008203125
11010,4.278735114922463,1,0.008203125
11011,4.236450215387607,1,0.00816592261904762
11012,4.192099472035685,1,0.008147321428571429
11013,4.150167828401821,1,0.008147321428571429
11014,4.108581405798637,1,0.008128720238095239
11015,4.066383134221028,1,0.008128720238095239
11016,4.025306783932521,1,0.008110119047619048
11017,3.9835313692757692,1,0.008110119047619048
11018,4.040308384519293,0,0.008110119047619048
11019,4.097168667386946,0,0.008110119047619048
11020,4.152211103355391,0,0.008110119047619048
11021,4.209022428196147,0,0.008110119047619048
11022,4.265971628153554,0,0.008110119047619048
11023,4.323013468929009,0,0.008110119047619048
11024,4.281758808745987,1,0.008110119047619048
11025,4.338410131421913,0,0.008110119047619048
11026,4.395165290176212,0,0.008110119047619048
11027,4.452469836191432,0,0.008110119047619048
11028,4.412985484436292,1,0.008128720238095239
11029,4.469742065925716,0,0.008128720238095239
11030,4.432172393330729,1,0.008110119047619048
11031,4.48925282119594,0,0.008110119047619048
11032,4.546419722905134,0,0.008110119047619048
11033,4.603664603268292,0,0.008110119047619048
11034,4.660743480651836,0,0.008110119047619048
11035,4.703933849994536,0,0.008110119047619048
11036,4.664258635396539,1,0.008091517857142858
11037,4.524966008489777,2,0.008091517857142858
11038,4.5814286127018855,0,0.008091517857142858
11039,4.542760736184385,1,0.008035714285714285
11040,4.595296083609285,0,0.008035714285714285
11041,4.648861423964452,0,0.008035714285714285
11042,4.605934615006302,1,0.008017113095238095
11043,4.661454743435464,0,0.008017113095238095
11044,4.619268408183296,1,0.008035714285714285
11045,4.674969902628557,0,0.008035714285714285
11046,4.6333873193601,1,0.008035714285714285
11047,4.689598384477206,0,0.008035714285714285
11048,4.54910793011891,2,0.008017113095238095
11049,4.605607346464493,0,0.008017113095238095
11050,4.56327125058172,1,0.008035714285714285
11051,4.619908502691414,0,0.008035714285714285
11052,4.479732958865093,2,0.008035714285714285
11053,4.535953574009046,0,0.008035714285714285
11054,4.493927784587611,1,0.008035714285714285
11055,4.550472124568484,0,0.008035714285714285
11056,4.607089868040281,0,0.008035714285714285
11057,4.5680142622322215,1,0.008017113095238095
11058,4.624939498561748,0,0.008017113095238095
11059,4.68191625956456,0,0.008017113095238095
11060,4.73898057115741,0,0.008017113095238095
11061,4.796111725276537,0,0.008017113095238095
11062,4.755894854525734,1,0.008035714285714285
11063,4.6163377201092946,2,0.008035714285714285
11064,4.575830667261062,1,0.008035714285714285
11065,4.633489959134335,0,0.008035714285714285
11066,4.691235822863242,0,0.008035714285714285
11067,4.749047338734939,0,0.008035714285714285
11068,4.806908150254913,0,0.008035714285714285
11069,4.8559044529244115,0,0.008035714285714285
11070,4.913361554399207,0,0.008035714285714285
11071,4.970786856512964,0,0.008035714285714285
11072,4.932446903473176,1,0.008054315476190475
11073,4.891444773574878,1,0.008054315476190475
11074,4.8504374631278555,1,0.008110119047619048
11075,4.809582716984016,1,0.008128720238095239
11076,4.867265687624582,0,0.008128720238095239
11077,4.826549179582084,1,0.008128720238095239
11078,4.691678653866789,2,0.008128720238095239
11079,4.645432362563602,1,0.008091517857142858
11080,4.702948426534254,0,0.008091517857142858
11081,4.760455876153442,0,0.008091517857142858
11082,4.625414061037843,2,0.008017113095238095
11083,4.682371012181606,0,0.008017113095238095
11084,4.739424697052792,0,0.008017113095238095
11085,4.7966177157801875,0,0.008017113095238095
11086,4.853891980419638,0,0.008017113095238095
11087,4.812385948388275,1,0.008072916666666667
11088,4.770829414729128,1,0.008035714285714285
11089,4.827459012840595,0,0.008035714285714285
11090,4.884106364485474,0,0.008035714285714285
11091,4.746980076620332,2,0.008072916666666667
11092,4.803830848084932,0,0.008072916666666667
11093,4.860697802175707,0,0.008072916666666667
11094,4.917574760862275,0,0.008072916666666667
11095,4.974541778864927,0,0.008072916666666667
11096,4.932987747317001,1,0.008128720238095239
11097,4.879731370084487,1,0.008147321428571429
11098,4.838414542124532,1,0.008147321428571429
11099,4.895333513700149,0,0.008147321428571429
11100,4.853842721841811,1,0.00818452380952381
11101,4.9108753759168,0,0.00818452380952381
11102,4.871020535896826,1,0.008128720238095239
11103,4.830097195842493,1,0.00816592261904762
11104,4.7762597370512445,1,0.008147321428571429
11105,4.831967977102297,0,0.008147321428571429
11106,4.7925033736113845,1,0.00818452380952381
11107,4.843986787930737,0,0.00818452380952381
11108,4.703210089005353,2,0.008258928571428572
11109,4.758875658413535,0,0.008258928571428572
11110,4.716183179394578,1,0.008258928571428572
11111,4.761481868251089,0,0.008258928571428572
11112,4.816920749070122,0,0.008258928571428572
11113,4.7741220149263945,1,0.008296130952380952
11114,4.637676153959784,2,0.008277529761904762
11115,4.691073588670896,0,0.008277529761904762
11116,4.746962441723511,0,0.008277529761904762
11117,4.70829339714201,1,0.008296130952380952
11118,4.764253339178522,0,0.008296130952380952
11119,4.722398959611226,1,0.008296130952380952
11120,4.57693906968249,2,0.008258928571428572
11121,4.632965875919459,0,0.008258928571428572
11122,4.689068732009021,0,0.008258928571428572
11123,4.745160434989817,0,0.008258928571428572
11124,4.703530055041332,1,0.008258928571428572
11125,4.7600213359924615,0,0.008258928571428572
11126,4.718279137670532,1,0.008258928571428572
11127,4.6760797158448355,1,0.008258928571428572
11128,4.732406929722768,0,0.008258928571428572
11129,4.78877925847427,0,0.008258928571428572
11130,4.845181854507682,0,0.008258928571428572
11131,4.807322190951641,1,0.008240327380952381
11132,4.863694078677702,0,0.008240327380952381
11133,4.914157239731788,0,0.008240327380952381
11134,4.970088333875546,0,0.008240327380952381
11135,5.026037326586874,0,0.008240327380952381
11136,5.081996940915985,0,0.008240327380952381
11137,4.942377336053924,2,0.008203125
11138,4.900298044565093,1,0.008240327380952381
11139,4.765902220879826,2,0.008240327380952381
11140,4.822833295185395,0,0.008240327380952381
11141,4.879865425197539,0,0.008240327380952381
11142,4.7402618383036215,2,0.008277529761904762
11143,4.600076660098008,2,0.008333333333333333
11144,4.656437123217977,0,0.008333333333333333
11145,4.617092709385525,1,0.008351934523809524
11146,4.665500077503476,0,0.008351934523809524
11147,4.6252637559040375,1,0.008407738095238095
11148,4.680602745200247,0,0.008407738095238095
11149,4.637648150322794,1,0.008463541666666666
11150,4.594380041509525,1,0.008444940476190476
11151,4.550409648001886,1,0.008426339285714285
11152,4.604953695057781,0,0.008426339285714285
11153,4.659715418281511,0,0.008426339285714285
11154,4.705184121206852,0,0.008426339285714285
11155,4.760091879117511,0,0.008426339285714285
11156,4.815232475455698,0,0.008426339285714285
11157,4.673418753210861,2,0.008482142857142856
11158,4.728499614608521,0,0.008482142857142856
11159,4.783766254591197,0,0.008482142857142856
11160,4.839340601477802,0,0.008482142857142856
11161,4.7966950509726844,1,0.008463541666666666
11162,4.7505096454551365,1,0.008519345238095237
11163,4.806030297214692,0,0.008519345238095237
11164,4.861564120800146,0,0.008519345238095237
11165,4.82085148305528,1,0.00857514880952381
11166,4.87661843200018,0,0.00857514880952381
11167,4.8300998600961975,1,0.00859375
11168,4.692398558701205,2,0.00857514880952381
11169,4.6497705153647475,1,0.008612351190476191
11170,4.705876287743169,0,0.008612351190476191
11171,4.762223314696335,0,0.008612351190476191
11172,4.616587528152002,2,0.008612351190476191
11173,4.673102674538601,0,0.008612351190476191
11174,4.729803767690675,0,0.008612351190476191
11175,4.590348626716304,2,0.008612351190476191
11176,4.54528514753322,1,0.00857514880952381
11177,4.4057855539166,2,0.008668154761904762
11178,4.170197581385937,3,0.008668154761904762
11179,4.227220643713127,0,0.008668154761904762
11180,4.186034840840993,1,0.008686755952380953
11181,4.144989767442809,1,0.008686755952380953
11182,4.006259921008181,2,0.008761160714285714
11183,3.96559335460427,1,0.008779761904761905
11184,4.022553180986909,0,0.008779761904761905
11185,4.080167983947288,0,0.008779761904761905
11186,4.132461876432647,0,0.008779761904761905
11187,4.189842027456689,0,0.008779761904761905
11188,4.237012065468685,0,0.008779761904761905
11189,4.292873095515919,0,0.008779761904761905
11190,4.349707586543225,0,0.008779761904761905
11191,4.311608048141451,1,0.008779761904761905
11192,4.271008476249268,1,0.008816964285714286
11193,4.329032299669858,0,0.008816964285714286
11194,4.387178870416691,0,0.008816964285714286
11195,4.445404664202372,0,0.008816964285714286
11196,4.405541186149507,1,0.008779761904761905
11197,4.463892813954331,0,0.008779761904761905
11198,4.522265607224366,0,0.008779761904761905
11199,4.57576947856607,0,0.008779761904761905
11200,4.633648046736845,0,0.008779761904761905
11201,4.592330290333374,1,0.008761160714285714
11202,4.649016415451816,0,0.008761160714285714
11203,4.607372215804596,1,0.008742559523809524
11204,4.566353309935727,1,0.008742559523809524
11205,4.527809229126756,1,0.008742559523809524
11206,4.584691655156919,0,0.008742559523809524
11207,4.6416421491174145,0,0.008742559523809524
11208,4.583556223733267,1,0.008779761904761905
11209,4.5418681815867155,1,0.008742559523809524
11210,4.597633392878278,0,0.008742559523809524
11211,4.653553823627437,0,0.008742559523809524
11212,4.611164883533105,1,0.008779761904761905
11213,4.667387877485042,0,0.008779761904761905
11214,4.525858767263604,2,0.008854166666666666
11215,4.581974881383548,0,0.008854166666666666
11216,4.4423012457063615,2,0.008872767857142857
11217,4.401030362695427,1,0.008891369047619047
11218,4.358025421956156,1,0.008909970238095238
11219,4.413067227143037,0,0.008909970238095238
11220,4.369826644400253,1,0.008891369047619047
11221,4.406333527324383,0,0.008891369047619047
11222,4.461085612144238,0,0.008891369047619047
11223,4.417556962356545,1,0.008928571428571428
11224,4.472579576570879,0,0.008928571428571428
11225,4.431054840294063,1,0.008928571428571428
11226,4.486852253046015,0,0.008928571428571428
11227,4.542868910942723,0,0.008928571428571428
11228,4.501538896977944,1,0.008891369047619047
11229,4.361705797729004,2,0.008872767857142857
11230,4.4178894403788815,0,0.008872767857142857
11231,4.375646184677528,1,0.008909970238095238
11232,4.432210773740378,0,0.008909970238095238
11233,4.488890223193459,0,0.008909970238095238
11234,4.545808913156777,0,0.008909970238095238
11235,4.602980261855317,0,0.008909970238095238
11236,4.660339990660316,0,0.008909970238095238
11237,4.717841980423469,0,0.008909970238095238
11238,4.647640886775536,1,0.008872767857142857
11239,4.60539491748614,1,0.008872767857142857
11240,4.661610338746112,0,0.008872767857142857
11241,4.619394019299721,1,0.008854166666666666
11242,4.577512939724395,1,0.008891369047619047
11243,4.633105454430276,0,0.008891369047619047
11244,4.49225149566845,2,0.008891369047619047
11245,4.548099251326357,0,0.008891369047619047
11246,4.394726746268459,2,0.008909970238095238
11247,4.450444530722047,0,0.008909970238095238
11248,4.506399523160599,0,0.008909970238095238
11249,4.5625222101681295,0,0.008909970238095238
11250,4.618768630076823,0,0.008909970238095238
11251,4.675275402324733,0,0.008909970238095238
11252,4.7280851641542325,0,0.008909970238095238
11253,4.784413777918763,0,0.008909970238095238
11254,4.645049778927228,2,0.008872767857142857
11255,4.701484323754678,0,0.008872767857142857
11256,4.758044883911734,0,0.008872767857142857
11257,4.716402265615152,1,0.008872767857142857
11258,4.769804934415304,0,0.008872767857142857
11259,4.824875105346981,0,0.008872767857142857
11260,4.88043779548626,0,0.008872767857142857
11261,4.935970601297766,0,0.008872767857142857
11262,4.8932819074951235,1,0.008835565476190476
11263,4.85073107367594,1,0.008835565476190476
11264,4.8084060817248835,1,0.008835565476190476
11265,4.752751120369711,1,0.008798363095238095
11266,4.714895273902969,1,0.008798363095238095
11267,4.765367755116252,0,0.008798363095238095
11268,4.721065302592191,1,0.008798363095238095
11269,4.679451684391111,1,0.008779761904761905
11270,4.734664423505315,0,0.008779761904761905
11271,4.790153578195106,0,0.008779761904761905
11272,4.737373774260078,1,0.008742559523809524
11273,4.790583702003776,0,0.008742559523809524
11274,4.746463894641508,1,0.008686755952380953
11275,4.801387324551193,0,0.008686755952380953
11276,4.758605661180247,1,0.008649553571428572
11277,4.813606935334777,0,0.008649553571428572
11278,4.868795153183304,0,0.008649553571428572
11279,4.825766164829389,1,0.008649553571428572
11280,4.586452803908174,3,0.008686755952380953
11281,4.6424511104520345,0,0.008686755952380953
11282,4.6900729646279515,0,0.008686755952380953
11283,4.647387929693424,1,0.008668154761904762
11284,4.703220259834998,0,0.008668154761904762
11285,4.563850711872667,2,0.008649553571428572
11286,4.4231009927190605,2,0.008630952380952382
11287,4.479469419125905,0,0.008630952380952382
11288,4.527516969498585,0,0.008630952380952382
11289,4.474743150813952,1,0.008612351190476191
11290,4.529687949784318,0,0.008612351190476191
11291,4.584723296484383,0,0.008612351190476191
11292,4.6398246620595955,0,0.008612351190476191
11293,4.596568622147051,1,0.008668154761904762
11294,4.554924620655505,1,0.008649553571428572
11295,4.611199391517699,0,0.008649553571428572
11296,4.561714400066975,1,0.008686755952380953
11297,4.615847578793289,0,0.008686755952380953
11298,4.670749843585878,0,0.008686755952380953
11299,4.726296412684731,0,0.008686755952380953
11300,4.782131493695499,0,0.008686755952380953
11301,4.838295135349532,0,0.008686755952380953
11302,4.886017760260568,0,0.008686755952380953
11303,4.648789552582709,3,0.008742559523809524
11304,4.7049740171088335,0,0.008742559523809524
11305,4.466917488956064,3,0.008761160714285714
11306,4.5234549649209335,0,0.008761160714285714
11307,4.580230520176766,0,0.008761160714285714
11308,4.635464480438994,0,0.008761160714285714
11309,4.592793113261738,1,0.008723958333333334
11310,4.6482358257039325,0,0.008723958333333334
11311,4.703923384315575,0,0.008723958333333334
11312,4.663081014055753,1,0.008742559523809524
11313,4.70809024625538,0,0.008742559523809524
11314,4.763559979344411,0,0.008742559523809524
11315,4.814417728730615,0,0.008742559523809524
11316,4.870148847437707,0,0.008742559523809524
11317,4.632997033910697,3,0.008705357142857143
11318,4.6888395450099445,0,0.008705357142857143
11319,4.733959335344229,0,0.008705357142857143
11320,4.789743653239426,0,0.008705357142857143
11321,4.747470004622118,1,0.008723958333333334
11322,4.803434149892091,0,0.008723958333333334
11323,4.761194648149285,1,0.008761160714285714
11324,4.81792342311628,0,0.008761160714285714
11325,4.8703166586161135,0,0.008761160714285714
11326,4.826767836623943,1,0.008798363095238095
11327,4.881505551967845,0,0.008798363095238095
11328,4.839328674022624,1,0.008798363095238095
11329,4.798330991450453,1,0.008779761904761905
11330,4.8548956529264125,0,0.008779761904761905
11331,4.911778642705314,0,0.008779761904761905
11332,4.9688664494571215,0,0.008779761904761905
11333,4.825799020079421,2,0.008723958333333334
11334,4.7833678871314556,1,0.008761160714285714
11335,4.839231795329925,0,0.008761160714285714
11336,4.88827736454771,0,0.008761160714285714
11337,4.839070721737655,1,0.008742559523809524
11338,4.600292327935863,3,0.008705357142857143
11339,4.655299113967535,0,0.008705357142857143
11340,4.51554526829791,2,0.008742559523809524
11341,4.471968717814299,1,0.008761160714285714
11342,4.331662107971855,2,0.008723958333333334
11343,4.2890797005915315,1,0.008742559523809524
11344,3.951899553213122,4,0.008761160714285714
11345,4.007921995694049,0,0.008761160714285714
11346,4.064057419556125,0,0.008761160714285714
11347,3.9200232989298196,2,0.008705357142857143
11348,3.9593284435998557,0,0.008705357142857143
11349,3.916841869922678,1,0.008686755952380953
11350,3.973000713715231,0,0.008686755952380953
11351,4.029291723380741,0,0.008686755952380953
11352,3.9888768566516224,1,0.008723958333333334
11353,4.043486091160721,0,0.008723958333333334
11354,4.099830845331033,0,0.008723958333333334
11355,4.156333264936748,0,0.008723958333333334
11356,4.2129516504551905,0,0.008723958333333334
11357,4.074938253810608,2,0.008779761904761905
11358,4.032840381126944,1,0.008723958333333334
11359,4.0894030486120645,0,0.008723958333333334
11360,4.044783804159087,1,0.008723958333333334
11361,4.101684597935209,0,0.008723958333333334
11362,4.158771057758226,0,0.008723958333333334
11363,4.216341695792651,0,0.008723958333333334
11364,4.274000472130451,0,0.008723958333333334
11365,4.3314525643097515,0,0.008723958333333334
11366,4.38874378772673,0,0.008723958333333334
11367,4.3473916464092754,1,0.008723958333333334
11368,4.39691050861629,0,0.008723958333333334
11369,4.45035566233803,0,0.008723958333333334
11370,4.312361875090466,2,0.008686755952380953
11371,4.270568086398779,1,0.008686755952380953
11372,4.326698497740005,0,0.008686755952380953
11373,4.282775084083444,1,0.008686755952380953
11374,4.338621411718262,0,0.008686755952380953
11375,4.3948089425481065,0,0.008686755952380953
11376,4.451232620599791,0,0.008686755952380953
11377,4.507893397942221,0,0.008686755952380953
11378,4.457091270365291,1,0.008668154761904762
11379,4.513210892663241,0,0.008668154761904762
11380,4.569467271269081,0,0.008668154761904762
11381,4.527858796670568,1,0.008630952380952382
11382,4.374278664692492,2,0.008630952380952382
11383,4.332953685394801,1,0.008630952380952382
11384,4.388867448385342,0,0.008630952380952382
11385,4.444943046195897,0,0.008630952380952382
11386,4.501077413754933,0,0.008630952380952382
11387,4.557449545283253,0,0.008630952380952382
11388,4.518912608612429,1,0.00857514880952381
11389,4.4771480594375985,1,0.008537946428571428
11390,4.533904786371939,0,0.008537946428571428
11391,4.394623259470355,2,0.008537946428571428
11392,4.354922136524678,1,0.008500744047619047
11393,4.411495472486314,0,0.008500744047619047
11394,4.272131776192368,2,0.008482142857142856
11395,4.329067118368139,0,0.008482142857142856
11396,4.386063136924334,0,0.008482142857142856
11397,4.345035705915315,1,0.008482142857142856
11398,4.402267860743966,0,0.008482142857142856
11399,4.459598877544451,0,0.008482142857142856
11400,4.517004946959304,0,0.008482142857142856
11401,4.5744679168300335,0,0.008482142857142856
11402,4.631973428089548,0,0.008482142857142856
11403,4.689509788277235,0,0.008482142857142856
11404,4.747123734475981,0,0.008482142857142856
11405,4.608310888023685,2,0.008500744047619047
11406,4.66485009479956,0,0.008500744047619047
11407,4.706365401380633,0,0.008500744047619047
11408,4.762491271716591,0,0.008500744047619047
11409,4.818650380746124,0,0.008500744047619047
11410,4.779203764031017,1,0.008482142857142856
11411,4.8357167609465765,0,0.008482142857142856
11412,4.695639289189553,2,0.008426339285714285
11413,4.752581680994261,0,0.008426339285714285
11414,4.809607297450891,0,0.008426339285714285
11415,4.768271035672509,1,0.008426339285714285
11416,4.825440646827686,0,0.008426339285714285
11417,4.785185697028188,1,0.008482142857142856
11418,4.839154286951533,0,0.008482142857142856
11419,4.8818802927289155,0,0.008482142857142856
11420,4.740146006588688,2,0.00855654761904762
11421,4.795257193436597,0,0.00855654761904762
11422,4.7543407130492525,1,0.008537946428571428
11423,4.809524589532838,0,0.008537946428571428
11424,4.8650819842623205,0,0.008537946428571428
11425,4.921040715514215,0,0.008537946428571428
11426,4.977229817843739,0,0.008537946428571428
11427,5.033560801734996,0,0.008537946428571428
11428,4.797623373056681,3,0.00857514880952381
11429,4.854008046558891,0,0.00857514880952381
11430,4.9105881651213785,0,0.00857514880952381
11431,4.868895702362207,1,0.00859375
11432,4.828659981017644,1,0.00859375
11433,4.885678169617542,0,0.00859375
11434,4.844352172469988,1,0.008649553571428572
11435,4.901549237768819,0,0.008649553571428572
11436,4.767674946898551,2,0.008630952380952382
11437,4.8251272613678164,0,0.008630952380952382
11438,4.784215077057549,1,0.008649553571428572
11439,4.841779893338687,0,0.008649553571428572
11440,4.894739443482173,0,0.008649553571428572
11441,4.9518588813937425,0,0.008649553571428572
11442,5.003682983291017,0,0.008649553571428572
11443,5.060313610230824,0,0.008649553571428572
11444,5.019108477714382,1,0.008649553571428572
11445,4.978093959548339,1,0.008612351190476191
11446,4.838430187681221,2,0.008612351190476191
11447,4.879451214335432,0,0.008612351190476191
11448,4.7429894555035474,2,0.008630952380952382
11449,4.799952590381423,0,0.008630952380952382
11450,4.761803371107378,1,0.008612351190476191
11451,4.622500209572874,2,0.00859375
11452,4.5818695932431055,1,0.008612351190476191
11453,4.638804684755353,0,0.008612351190476191
11454,4.695749862573113,0,0.008612351190476191
11455,4.6525187292018355,1,0.008612351190476191
11456,4.700403650474307,0,0.008612351190476191
11457,4.7562985951121695,0,0.008612351190476191
11458,4.804217859157142,0,0.008612351190476191
11459,4.76116316361759,1,0.00857514880952381
11460,4.719036930923576,1,0.00857514880952381
11461,4.67843970454392,1,0.00859375
11462,4.734333901141644,0,0.00859375
11463,4.790412054306901,0,0.00859375
11464,4.8467322897245735,0,0.00859375
11465,4.807487346719542,1,0.008612351190476191
11466,4.864065251560667,0,0.008612351190476191
11467,4.825259164105856,1,0.008612351190476191
11468,4.882030780181587,0,0.008612351190476191
11469,4.7420109914022355,2,0.008630952380952382
11470,4.700574534521475,1,0.008649553571428572
11471,4.563021084819243,2,0.00859375
11472,4.619569277675888,0,0.00859375
11473,4.675900121410282,0,0.00859375
11474,4.732260600390943,0,0.00859375
11475,4.780905177104618,0,0.00859375
11476,4.742540539281243,1,0.00859375
11477,4.798642789509515,0,0.00859375
11478,4.756456484507722,1,0.008612351190476191
11479,4.812087871431224,0,0.008612351190476191
11480,4.867814802106386,0,0.008612351190476191
11481,4.923778347492901,0,0.008612351190476191
11482,4.980049786028456,0,0.008612351190476191
11483,4.938154592645983,1,0.008668154761904762
11484,4.896243402103042,1,0.008723958333333334
11485,4.953005491264163,0,0.008723958333333334
11486,4.917087030108276,1,0.008686755952380953
11487,4.974123488847196,0,0.008686755952380953
11488,4.933473773571767,1,0.008668154761904762
11489,4.893312598467398,1,0.008668154761904762
11490,4.936815517028085,0,0.008668154761904762
11491,4.8964782728797065,1,0.008686755952380953
11492,4.849335126934989,1,0.008649553571428572
11493,4.805317066752623,1,0.008630952380952382
11494,4.859586266607376,0,0.008630952380952382
11495,4.815803352566356,1,0.008649553571428572
11496,4.87073601657091,0,0.008649553571428572
11497,4.827221566792012,1,0.008612351190476191
11498,4.882359315571043,0,0.008612351190476191
11499,4.839469875002604,1,0.008630952380952382
11500,4.894846434487812,0,0.008630952380952382
11501,4.950575696503978,0,0.008630952380952382
11502,5.0064340990723695,0,0.008630952380952382
11503,4.964183135648997,1,0.008668154761904762
11504,5.020290548507447,0,0.008668154761904762
11505,4.77002862759936,3,0.008668154761904762
11506,4.825973010201709,0,0.008668154761904762
11507,4.783952152038434,1,0.008630952380952382
11508,4.530273054097106,3,0.00855654761904762
11509,4.29148005546256,3,0.008537946428571428
11510,4.150711735340894,2,0.008482142857142856
11511,4.110954890403652,1,0.008482142857142856
11512,4.167535921207662,0,0.008482142857142856
11513,4.02765256605503,2,0.008463541666666666
11514,3.9921440508227914,1,0.008407738095238095
11515,3.950766440093592,1,0.008426339285714285
11516,4.008032976702334,0,0.008426339285714285
11517,3.969370467406258,1,0.008389136904761904
11518,4.015030702417084,0,0.008389136904761904
11519,4.066842962029877,0,0.008389136904761904
11520,4.028259004744065,1,0.008407738095238095
11521,4.084922055520125,0,0.008407738095238095
11522,4.141577495219665,0,0.008407738095238095
11523,4.198302115532015,0,0.008407738095238095
11524,4.156787437296791,1,0.008407738095238095
11525,4.116116268957821,1,0.008407738095238095
11526,4.1731013341644605,0,0.008407738095238095
11527,4.126473033258319,1,0.008426339285714285
11528,4.182856182468232,0,0.008426339285714285
11529,4.23432749789784,0,0.008426339285714285
11530,4.2758923342953,0,0.008426339285714285
11531,4.330439326786555,0,0.008426339285714285
11532,4.385331882502587,0,0.008426339285714285
11533,4.336755699356851,1,0.008444940476190476
11534,4.391680329879798,0,0.008444940476190476
11535,4.349629068761019,1,0.008463541666666666
11536,4.208960384892128,2,0.008482142857142856
11537,4.241415334446408,0,0.008482142857142856
11538,4.295504052486164,0,0.008482142857142856
11539,4.252037667072947,1,0.008537946428571428
11540,4.307247253722395,0,0.008537946428571428
11541,4.361760689988327,0,0.008537946428571428
11542,4.417099004267644,0,0.008537946428571428
11543,4.372361262098828,1,0.00859375
11544,4.331043504949432,1,0.00857514880952381
11545,4.386702442297003,0,0.00857514880952381
11546,4.442718328110112,0,0.00857514880952381
11547,4.498998900680095,0,0.00857514880952381
11548,4.4572047292587325,1,0.00859375
11549,4.312616711582019,2,0.008612351190476191
11550,4.368688224135,0,0.008612351190476191
11551,4.328090870670668,1,0.00855654761904762
11552,4.384415473269089,0,0.00855654761904762
11553,4.342096820354969,1,0.008500744047619047
11554,4.299980115009304,1,0.008519345238095237
11555,4.244321799808514,1,0.008537946428571428
11556,4.300502576500824,0,0.008537946428571428
11557,4.258297534474387,1,0.008519345238095237
11558,4.304203870688963,0,0.008519345238095237
11559,4.1641093657209955,2,0.008519345238095237
11560,4.12207751860479,1,0.008537946428571428
11561,4.080162236842284,1,0.00859375
11562,4.135700971414007,0,0.00859375
11563,4.093092433176879,1,0.00857514880952381
11564,4.149368126130717,0,0.00857514880952381
11565,4.202984019499339,0,0.00857514880952381
11566,4.259120945821365,0,0.00857514880952381
11567,4.315410479912953,0,0.00857514880952381
11568,4.371822260311532,0,0.00857514880952381
11569,4.428501718290563,0,0.00857514880952381
11570,4.485416020712579,0,0.00857514880952381
11571,4.535737984797088,0,0.00857514880952381
11572,4.5926526797096034,0,0.00857514880952381
11573,4.649733444112112,0,0.00857514880952381
11574,4.706939204734903,0,0.00857514880952381
11575,4.764239567161926,0,0.00857514880952381
11576,4.723268092772856,1,0.00855654761904762
11577,4.780989209515532,0,0.00855654761904762
11578,4.642352323667646,2,0.00855654761904762
11579,4.604207779645308,1,0.008537946428571428
11580,4.662338707078046,0,0.008537946428571428
11581,4.622113463696079,1,0.008519345238095237
11582,4.6805855933998295,0,0.008519345238095237
11583,4.739135792748267,0,0.008519345238095237
11584,4.797695448573623,0,0.008519345238095237
11585,4.856257775275743,0,0.008519345238095237
11586,4.814863805288507,1,0.008482142857142856
11587,4.871556969397753,0,0.008482142857142856
11588,4.830055554851363,1,0.008500744047619047
11589,4.887169147512734,0,0.008500744047619047
11590,4.848456342052007,1,0.008519345238095237
11591,4.906074087223623,0,0.008519345238095237
11592,4.8673235122801835,1,0.008482142857142856
11593,4.827462096584249,1,0.008463541666666666
11594,4.787263549350447,1,0.008482142857142856
11595,4.748336122095942,1,0.008463541666666666
11596,4.80636487845514,0,0.008463541666666666
11597,4.6685387971896635,2,0.008426339285714285
11598,4.726783264462376,0,0.008426339285714285
11599,4.785073642425777,0,0.008426339285714285
11600,4.733445623098098,1,0.008370535714285714
11601,4.791005825625008,0,0.008370535714285714
11602,4.648585105420609,2,0.008370535714285714
11603,4.703481693832479,0,0.008370535714285714
11604,4.659698740526454,1,0.008389136904761904
11605,4.7153071225391905,0,0.008389136904761904
11606,4.771329076654182,0,0.008389136904761904
11607,4.827686205068717,0,0.008389136904761904
11608,4.884261129143566,0,0.008389136904761904
11609,4.940981736530668,0,0.008389136904761904
11610,4.9978597564744325,0,0.008389136904761904
11611,4.956618537544324,1,0.008426339285714285
11612,4.80778250267008,2,0.008426339285714285
11613,4.767378741862912,1,0.008407738095238095
11614,4.629600326054876,2,0.008407738095238095
11615,4.59022679640216,1,0.008389136904761904
11616,4.5490273587174945,1,0.008389136904761904
11617,4.507552861604748,1,0.008444940476190476
11618,4.564725457346935,0,0.008444940476190476
11619,4.622071045185746,0,0.008444940476190476
11620,4.679533019494865,0,0.008444940476190476
11621,4.7333998501291905,0,0.008444940476190476
11622,4.790519913487744,0,0.008444940476190476
11623,4.847664593791601,0,0.008444940476190476
11624,4.904820516003356,0,0.008444940476190476
11625,4.765906393770666,2,0.008407738095238095
11626,4.820564114850421,0,0.008407738095238095
11627,4.684723348712501,2,0.008314732142857143
11628,4.741692265429408,0,0.008314732142857143
11629,4.798761389665396,0,0.008314732142857143
11630,4.758170888586503,1,0.008277529761904762
11631,4.718741946438241,1,0.00822172619047619
11632,4.7767597992868085,0,0.00822172619047619
11633,4.638234325803494,2,0.008203125
11634,4.5963001847819465,1,0.008203125
11635,4.555068772652018,1,0.00816592261904762
11636,4.609832139593456,0,0.00816592261904762
11637,4.567802393511837,1,0.00816592261904762
11638,4.6116382776246345,0,0.00816592261904762
11639,4.667905075631908,0,0.00816592261904762
11640,4.724133118898685,0,0.00816592261904762
11641,4.780317226223231,0,0.00816592261904762
11642,4.836570626071954,0,0.00816592261904762
11643,4.893118041666877,0,0.00816592261904762
11644,4.949812110500499,0,0.00816592261904762
11645,5.006578181178635,0,0.00816592261904762
11646,5.063374244145603,0,0.00816592261904762
11647,5.120176330074933,0,0.00816592261904762
11648,5.176967610106269,0,0.00816592261904762
11649,5.2336443987949846,0,0.00816592261904762
11650,5.191873337255717,1,0.00816592261904762
11651,5.151257448307968,1,0.008147321428571429
11652,5.0120198479710325,2,0.00816592261904762
11653,5.068614114908381,0,0.00816592261904762
11654,5.125199640660135,0,0.00816592261904762
11655,4.986450976769567,2,0.00822172619047619
11656,4.945680990980179,1,0.00822172619047619
11657,5.002507193670593,0,0.00822172619047619
11658,5.059405214608838,0,0.00822172619047619
11659,5.017944913153302,1,0.008203125
11660,5.074986149107658,0,0.008203125
11661,5.033685228664986,1,0.008240327380952381
11662,5.090835947823925,0,0.008240327380952381
11663,5.049580109737778,1,0.008240327380952381
11664,4.914395668617552,2,0.008203125
11665,4.87407655800132,1,0.008203125
11666,4.931334133941924,0,0.008203125
11667,4.988960908126843,0,0.008203125
11668,5.043310173767599,0,0.008203125
11669,5.0015018055434854,1,0.00816592261904762
11670,5.058155235234306,0,0.00816592261904762
11671,5.111930554481223,0,0.00816592261904762
11672,5.07011149721059,1,0.00818452380952381
11673,5.027846754479455,1,0.008203125
11674,4.8875374853659155,2,0.008296130952380952
11675,4.552690941524592,4,0.008296130952380952
11676,4.607153551651336,0,0.008296130952380952
11677,4.465495922235135,2,0.008296130952380952
11678,4.520489746651948,0,0.008296130952380952
11679,4.282479380585156,3,0.008333333333333333
11680,4.227798134940344,1,0.008351934523809524
11681,4.282991967823134,0,0.008351934523809524
11682,4.338182103203653,0,0.008351934523809524
11683,4.294978043179558,1,0.008389136904761904
11684,4.350198802318759,0,0.008389136904761904
11685,4.405574768014932,0,0.008389136904761904
11686,4.358663015135012,1,0.008370535714285714
11687,4.41376714353878,0,0.008370535714285714
11688,4.373196247169374,1,0.008351934523809524
11689,4.428540905878515,0,0.008351934523809524
11690,4.483922491076681,0,0.008351934523809524
11691,4.539336776679785,0,0.008351934523809524
11692,4.499055267772782,1,0.008296130952380952
11693,4.554917642641323,0,0.008296130952380952
11694,4.610881968557342,0,0.008296130952380952
11695,4.568651270532684,1,0.008314732142857143
11696,4.624495090283819,0,0.008314732142857143
11697,4.6805424459600244,0,0.008314732142857143
11698,4.736635056387565,0,0.008314732142857143
11699,4.694661423293143,1,0.008296130952380952
11700,4.750857384721758,0,0.008296130952380952
11701,4.61297546488922,2,0.008203125
11702,4.570857052322946,1,0.008240327380952381
11703,4.627193872214938,0,0.008240327380952381
11704,4.679782070675465,0,0.008240327380952381
11705,4.639724307415639,1,0.00818452380952381
11706,4.695672940419679,0,0.00818452380952381
11707,4.7516074116499105,0,0.00818452380952381
11708,4.807524934809297,0,0.00818452380952381
11709,4.767930458048534,1,0.00822172619047619
11710,4.7259119243463115,1,0.00822172619047619
11711,4.5892999521630875,2,0.00822172619047619
11712,4.6460497751484775,0,0.00822172619047619
11713,4.70286079741125,0,0.00822172619047619
11714,4.5658372499512,2,0.008277529761904762
11715,4.524007304751601,1,0.008277529761904762
11716,4.580643533844091,0,0.008277529761904762
11717,4.538910130938423,1,0.008296130952380952
11718,4.5949979055732095,0,0.008296130952380952
11719,4.456535811282159,2,0.008351934523809524
11720,4.41379292879488,1,0.008351934523809524
11721,4.3710251472174235,1,0.008351934523809524
11722,4.426818686150423,0,0.008351934523809524
11723,4.276228750815356,2,0.008314732142857143
11724,4.331007159802572,0,0.008314732142857143
11725,4.28736879094604,1,0.008333333333333333
11726,4.243880429442245,1,0.008333333333333333
11727,4.201235381473529,1,0.008333333333333333
11728,4.255849223973704,0,0.008333333333333333
11729,4.3106787622961305,0,0.008333333333333333
11730,4.36567515870948,0,0.008333333333333333
11731,4.324566607266842,1,0.008333333333333333
11732,4.3791817907687145,0,0.008333333333333333
11733,4.431406156327862,0,0.008333333333333333
11734,4.4858059590986095,0,0.008333333333333333
11735,4.44560501766374,1,0.008370535714285714
11736,4.497309915046524,0,0.008370535714285714
11737,4.551434331377146,0,0.008370535714285714
11738,4.605637071641391,0,0.008370535714285714
11739,4.66008593246487,0,0.008370535714285714
11740,4.617618723532161,1,0.008370535714285714
11741,4.555916614201509,1,0.008351934523809524
11742,4.512171718772981,1,0.008351934523809524
11743,4.567175309202199,0,0.008351934523809524
11744,4.51573636727387,1,0.008333333333333333
11745,4.565519538872068,0,0.008333333333333333
11746,4.5210727714312045,1,0.008314732142857143
11747,4.3804256928257015,2,0.008351934523809524
11748,4.339673999480913,1,0.008314732142857143
11749,4.39462906267246,0,0.008314732142857143
11750,4.449957919795822,0,0.008314732142857143
11751,4.497704434368817,0,0.008314732142857143
11752,4.550473478883715,0,0.008314732142857143
11753,4.6053369453774025,0,0.008314732142857143
11754,4.5619115826441705,1,0.008314732142857143
11755,4.61708468098946,0,0.008314732142857143
11756,4.574019194563888,1,0.008296130952380952
11757,4.629365261374678,0,0.008296130952380952
11758,4.586644720058052,1,0.008314732142857143
11759,4.5442538305096845,1,0.008333333333333333
11760,4.502086167895262,1,0.008351934523809524
11761,4.460912097288778,1,0.008389136904761904
11762,4.419557136563244,1,0.008389136904761904
11763,4.377847342130251,1,0.008407738095238095
11764,4.434627116403817,0,0.008407738095238095
11765,4.49154578546414,0,0.008407738095238095
11766,4.450246212575911,1,0.008444940476190476
11767,4.506064024437128,0,0.008444940476190476
11768,4.562062125590199,0,0.008444940476190476
11769,4.618196103455969,0,0.008444940476190476
11770,4.674434471971418,0,0.008444940476190476
11771,4.6252237687411215,1,0.008463541666666666
11772,4.581646758363124,1,0.008444940476190476
11773,4.628749105454897,0,0.008444940476190476
11774,4.682891037829046,0,0.008444940476190476
11775,4.7370578675320205,0,0.008444940476190476
11776,4.791217469745723,0,0.008444940476190476
11777,4.747228574899155,1,0.008426339285714285
11778,4.605050097183433,2,0.008463541666666666
11779,4.56171209744928,1,0.008500744047619047
11780,4.420533426591174,2,0.008500744047619047
11781,4.377720219458989,1,0.008500744047619047
11782,4.432503042254968,0,0.008500744047619047
11783,4.292913884694084,2,0.008482142857142856
11784,4.348301975974323,0,0.008482142857142856
11785,4.403885177282599,0,0.008482142857142856
11786,4.459677817883508,0,0.008482142857142856
11787,4.515649556256639,0,0.008482142857142856
11788,4.565385488814757,0,0.008482142857142856
11789,4.621133423237376,0,0.008482142857142856
11790,4.676993513921439,0,0.008482142857142856
11791,4.630451227550058,1,0.008519345238095237
11792,4.5873222579874104,1,0.00855654761904762
11793,4.6386175521061634,0,0.00855654761904762
11794,4.694232381196239,0,0.00855654761904762
11795,4.7499650421867345,0,0.00855654761904762
11796,4.707385576834332,1,0.00859375
11797,4.567489947954678,2,0.008668154761904762
11798,4.623370548304006,0,0.008668154761904762
11799,4.485935797189242,2,0.008668154761904762
11800,4.542380151203536,0,0.008668154761904762
11801,4.402933736724518,2,0.008649553571428572
11802,4.45903354825845,0,0.008649553571428572
11803,4.416768413013536,1,0.008649553571428572
11804,4.4730072929740645,0,0.008649553571428572
11805,4.523580895235558,0,0.008649553571428572
11806,4.562435142853201,0,0.008649553571428572
11807,4.61751319781966,0,0.008649553571428572
11808,4.672637679921074,0,0.008649553571428572
11809,4.625360794908481,1,0.008630952380952382
11810,4.680459672944934,0,0.008630952380952382
11811,4.7357785702082795,0,0.008630952380952382
11812,4.7913735713777035,0,0.008630952380952382
11813,4.847161496686121,0,0.008630952380952382
11814,4.794741507900252,1,0.008686755952380953
11815,4.850459559616581,0,0.008686755952380953
11816,4.808143530122733,1,0.008686755952380953
11817,4.765673857076314,1,0.008742559523809524
11818,4.723315873178766,1,0.008761160714285714
11819,4.779528977420125,0,0.008761160714285714
11820,4.7385022163852915,1,0.008742559523809524
11821,4.499767085703707,3,0.008668154761904762
11822,4.554946312598134,0,0.008668154761904762
11823,4.610264517540978,0,0.008668154761904762
11824,4.6656756738343,0,0.008668154761904762
11825,4.623048231101509,1,0.008668154761904762
11826,4.678570017652004,0,0.008668154761904762
11827,4.628694974377078,1,0.008668154761904762
11828,4.6833349246245985,0,0.008668154761904762
11829,4.541869182929022,2,0.008630952380952382
11830,4.596843306775987,0,0.008630952380952382
11831,4.553774848970543,1,0.008668154761904762
11832,4.609110295147036,0,0.008668154761904762
11833,4.664631022034859,0,0.008668154761904762
11834,4.720272790108037,0,0.008668154761904762
11835,4.677586270686616,1,0.008649553571428572
11836,4.732805565973575,0,0.008649553571428572
11837,4.788154353682195,0,0.008649553571428572
11838,4.745298748545503,1,0.008649553571428572
11839,4.702618892233784,1,0.008649553571428572
11840,4.659958704136257,1,0.008649553571428572
11841,4.617663904152179,1,0.008705357142857143
11842,4.673752978885556,0,0.008705357142857143
11843,4.631533538411702,1,0.008705357142857143
11844,4.588846037383245,1,0.008723958333333334
11845,4.448379318470153,2,0.008779761904761905
11846,4.30751719142806,2,0.008798363095238095
11847,4.363089992677297,0,0.008798363095238095
11848,4.223862641243098,2,0.008798363095238095
11849,4.185199904911872,1,0.008798363095238095
11850,4.23643973365318,0,0.008798363095238095
11851,4.292503887022386,0,0.008798363095238095
11852,4.250332494521236,1,0.008835565476190476
11853,4.306692820595797,0,0.008835565476190476
11854,4.264147384713277,1,0.008872767857142857
11855,4.309128254132114,0,0.008872767857142857
11856,4.364305252915793,0,0.008872767857142857
11857,4.419599522251349,0,0.008872767857142857
11858,4.376517084721025,1,0.008872767857142857
11859,4.431923352817889,0,0.008872767857142857
11860,4.386642934114097,1,0.008854166666666666
11861,4.437277127538374,0,0.008854166666666666
11862,4.492182543251856,0,0.008854166666666666
11863,4.546177494654738,0,0.008854166666666666
11864,4.599723881477744,0,0.008854166666666666
11865,4.54802469787232,1,0.008854166666666666
11866,4.590903219867909,0,0.008854166666666666
11867,4.4482272068008575,2,0.008909970238095238
11868,4.404108897159309,1,0.008872767857142857
11869,4.457042550815525,0,0.008872767857142857
11870,4.510728608302865,0,0.008872767857142857
11871,4.4663563852703945,1,0.008891369047619047
11872,4.52084708891338,0,0.008891369047619047
11873,4.5721465411609445,0,0.008891369047619047
11874,4.613345525213944,0,0.008891369047619047
11875,4.4716897075299515,2,0.008854166666666666
11876,4.5263484489575605,0,0.008854166666666666
11877,4.385280241530271,2,0.008891369047619047
11878,4.440562637464648,0,0.008891369047619047
11879,4.398422981006135,1,0.008891369047619047
11880,4.356872003602898,1,0.008891369047619047
11881,4.315067414245785,1,0.008854166666666666
11882,4.371671567329214,0,0.008854166666666666
11883,4.428538119173841,0,0.008854166666666666
11884,4.485596534946695,0,0.008854166666666666
11885,4.444375426250394,1,0.008854166666666666
11886,4.50184854588993,0,0.008854166666666666
11887,4.559418198924495,0,0.008854166666666666
11888,4.421614047466378,2,0.008854166666666666
11889,4.381116189588343,1,0.008872767857142857
11890,4.34122842027023,1,0.008816964285714286
11891,4.399247823851883,0,0.008816964285714286
11892,4.3588836191411255,1,0.008835565476190476
11893,4.408452471270734,0,0.008835565476190476
11894,4.368985738893283,1,0.008835565476190476
11895,4.426278608680239,0,0.008835565476190476
11896,4.4836950825488,0,0.008835565476190476
11897,4.541201395387771,0,0.008835565476190476
11898,4.5987738540153575,0,0.008835565476190476
11899,4.65657967921159,0,0.008835565476190476
11900,4.707889500323807,0,0.008835565476190476
11901,4.656775031998018,1,0.008816964285714286
11902,4.712376736044597,0,0.008816964285714286
11903,4.758613975844138,0,0.008816964285714286
11904,4.814532926561521,0,0.008816964285714286
11905,4.870704485361733,0,0.008816964285714286
11906,4.92718496420432,0,0.008816964285714286
11907,4.983849380742093,0,0.008816964285714286
11908,4.9422031628457805,1,0.008854166666666666
11909,4.902021868507384,1,0.008816964285714286
11910,4.764986655111734,2,0.008891369047619047
11911,4.822083729835636,0,0.008891369047619047
11912,4.780973976198776,1,0.008947172619047618
11913,4.63695902293695,2,0.008928571428571428
11914,4.595015536510922,1,0.008965773809523809
11915,4.556558858489945,1,0.008947172619047618
11916,4.516730589297707,1,0.008928571428571428
11917,4.572065158514479,0,0.008928571428571428
11918,4.6289664441174825,0,0.008928571428571428
11919,4.686006830602402,0,0.008928571428571428
11920,4.449845016612009,3,0.008891369047619047
11921,4.507164329646968,0,0.008891369047619047
11922,4.564512837062107,0,0.008891369047619047
11923,4.525546370967088,1,0.008947172619047618
11924,4.484664134991485,1,0.008947172619047618
11925,4.542257127033259,0,0.008947172619047618
11926,4.501676566253457,1,0.008947172619047618
11927,4.364310446033505,2,0.008928571428571428
11928,4.227168188931418,2,0.008928571428571428
11929,4.186026628455996,1,0.008947172619047618
11930,4.243384249931085,0,0.008947172619047618
11931,4.300770570658025,0,0.008947172619047618
11932,4.358176104097005,0,0.008947172619047618
11933,4.415593365890423,0,0.008947172619047618
11934,4.472889808650379,0,0.008947172619047618
11935,4.5256900198363255,0,0.008947172619047618
11936,4.582505820023753,0,0.008947172619047618
11937,4.6393142268756025,0,0.008947172619047618
11938,4.696111973067059,0,0.008947172619047618
11939,4.752896094508511,0,0.008947172619047618
11940,4.804372291417464,0,0.008947172619047618
11941,4.860774816504852,0,0.008947172619047618
11942,4.909023763472036,0,0.008947172619047618
11943,4.8667228790004335,1,0.008965773809523809
11944,4.823858068184981,1,0.008928571428571428
11945,4.879626606780303,0,0.008928571428571428
11946,4.839479475595242,1,0.008928571428571428
11947,4.7000796519827395,2,0.008947172619047618
11948,4.561807170841647,2,0.008965773809523809
11949,4.520247483577851,1,0.00902157738095238
11950,4.577221775448064,0,0.00902157738095238
11951,4.537113199175446,1,0.009040178571428572
11952,4.5943187413027085,0,0.009040178571428572
11953,4.6515800674779175,0,0.009040178571428572
11954,4.708878804004812,0,0.009040178571428572
11955,4.76619803094242,0,0.009040178571428572
11956,4.823531356999234,0,0.009040178571428572
11957,4.880869017625667,0,0.009040178571428572
11958,4.839779407394296,1,0.00900297619047619
11959,4.800934139466612,1,0.008984375
11960,4.7548688355266036,1,0.008947172619047618
11961,4.811142891216266,0,0.008947172619047618
11962,4.769119433275854,1,0.008909970238095238
11963,4.8256392071940395,0,0.008909970238095238
11964,4.8822160042334355,0,0.008909970238095238
11965,4.7422735450455065,2,0.008928571428571428
11966,4.799479460431477,0,0.008928571428571428
11967,4.563920264292143,3,0.00900297619047619
11968,4.618074183028839,0,0.00900297619047619
11969,4.576594195575607,1,0.00902157738095238
11970,4.633367807349371,0,0.00902157738095238
11971,4.690265588971661,0,0.00902157738095238
11972,4.730597773934705,0,0.00902157738095238
11973,4.786895261908355,0,0.00902157738095238
11974,4.843185134367436,0,0.00902157738095238
11975,4.705076245550887,2,0.00902157738095238
11976,4.761523509474369,0,0.00902157738095238
11977,4.818098951564998,0,0.00902157738095238
11978,4.869626277280471,0,0.00902157738095238
11979,4.9258195056922025,0,0.00902157738095238
11980,4.785401711571848,2,0.008965773809523809
11981,4.841878895074232,0,0.008965773809523809
11982,4.800016525584925,1,0.008965773809523809
11983,4.85640683464469,0,0.008965773809523809
11984,4.81461887917655,1,0.008984375
11985,4.673340815807046,2,0.008984375
11986,4.632925358637069,1,0.008928571428571428
11987,4.590371066593746,1,0.008947172619047618
11988,4.646402926711463,0,0.008947172619047618
11989,4.702532733884154,0,0.008947172619047618
11990,4.756541289671518,0,0.008947172619047618
11991,4.798042564785015,0,0.008947172619047618
11992,4.854025075187294,0,0.008947172619047618
11993,4.71012493001986,2,0.008984375
11994,4.765738342302915,0,0.008984375
11995,4.624628198880263,2,0.008965773809523809
11996,4.679978215688085,0,0.008965773809523809
11997,4.637053921425171,1,0.008965773809523809
11998,4.587118920990244,1,0.008965773809523809
11999,4.54477901452475,1,0.008909970238095238
12000,4.599211123497647,0,0.008909970238095238
12001,4.653800332303067,0,0.008909970238095238
12002,4.708562178736292,0,0.008909970238095238
12003,4.763610230142734,0,0.008909970238095238
12004,4.720461839104752,1,0.008909970238095238
12005,4.775925766228737,0,0.008909970238095238
12006,4.831496837698615,0,0.008909970238095238
12007,4.887145372541247,0,0.008909970238095238
12008,4.942846746051686,0,0.008909970238095238
12009,4.901214608264255,1,0.008909970238095238
12010,4.858854439195559,1,0.008928571428571428
12011,4.714145565936959,2,0.008909970238095238
12012,4.671744582329324,1,0.008891369047619047
12013,4.5320270505834435,2,0.008891369047619047
12014,4.391232877991151,2,0.008928571428571428
12015,4.446503239515983,0,0.008928571428571428
12016,4.501964640501643,0,0.008928571428571428
12017,4.557756238961256,0,0.008928571428571428
12018,4.515426253131353,1,0.008872767857142857
12019,4.571771198337066,0,0.008872767857142857
12020,4.628596178653518,0,0.008872767857142857
12021,4.685674167984416,0,0.008872767857142857
12022,4.7429159742572935,0,0.008872767857142857
12023,4.702710083459067,1,0.008854166666666666
12024,4.759573892697222,0,0.008854166666666666
12025,4.717868466782827,1,0.008854166666666666
12026,4.676476905172427,1,0.008872767857142857
12027,4.637697226174371,1,0.008891369047619047
12028,4.695048992331704,0,0.008891369047619047
12029,4.74844302558264,0,0.008891369047619047
12030,4.805528929420415,0,0.008891369047619047
12031,4.862725935679994,0,0.008891369047619047
12032,4.821797022473607,1,0.008872767857142857
12033,4.780134101074355,1,0.008854166666666666
12034,4.836964893888301,0,0.008854166666666666
12035,4.893866728407938,0,0.008854166666666666
12036,4.849558469573556,1,0.008835565476190476
12037,4.807716426746744,1,0.008835565476190476
12038,4.864513620089232,0,0.008835565476190476
12039,4.824627655731157,1,0.008798363095238095
12040,4.8817410195518285,0,0.008798363095238095
12041,4.741205373925948,2,0.008816964285714286
12042,4.792478576567742,0,0.008816964285714286
12043,4.555732988048121,3,0.008816964285714286
12044,4.514860101210488,1,0.008798363095238095
12045,4.470914120640715,1,0.008798363095238095
12046,4.523095116691343,0,0.008798363095238095
12047,4.480930214311202,1,0.008835565476190476
12048,4.537425249422663,0,0.008835565476190476
12049,4.399201183506388,2,0.008816964285714286
12050,4.454702651083763,0,0.008816964285714286
12051,4.315167775638565,2,0.008798363095238095
12052,4.3713662614588396,0,0.008798363095238095
12053,4.42514522528455,0,0.008798363095238095
12054,4.284644928826696,2,0.008816964285714286
12055,4.243033309841682,1,0.008798363095238095
12056,4.299396074626568,0,0.008798363095238095
12057,4.35594544525463,0,0.008798363095238095
12058,4.314227381890024,1,0.008798363095238095
12059,4.371234584017195,0,0.008798363095238095
12060,4.4284439673282785,0,0.008798363095238095
12061,4.485880560883203,0,0.008798363095238095
12062,4.530497402584751,0,0.008798363095238095
12063,4.587846933983949,0,0.008798363095238095
12064,4.645245505448322,0,0.008798363095238095
12065,4.60744162007209,1,0.008779761904761905
12066,4.664869431762717,0,0.008779761904761905
12067,4.624178068990748,1,0.008779761904761905
12068,4.682045218236182,0,0.008779761904761905
12069,4.6454882595280065,1,0.008779761904761905
12070,4.703454660158673,0,0.008779761904761905
12071,4.757751859046612,0,0.008779761904761905
12072,4.815244591406898,0,0.008779761904761905
12073,4.872698050876006,0,0.008779761904761905
12074,4.930130445173446,0,0.008779761904761905
12075,4.694450834879763,3,0.008742559523809524
12076,4.654735875659335,1,0.008761160714285714
12077,4.6136953475184574,1,0.008798363095238095
12078,4.670003646495162,0,0.008798363095238095
12079,4.727230483948196,0,0.008798363095238095
12080,4.487738081718907,3,0.008891369047619047
12081,4.446335496826533,1,0.008928571428571428
12082,4.404986916256453,1,0.008891369047619047
12083,4.462110226950402,0,0.008891369047619047
12084,4.51928870430323,0,0.008891369047619047
12085,4.382773570069652,2,0.008891369047619047
12086,4.145203335780529,3,0.008965773809523809
12087,4.203111373546061,0,0.008965773809523809
12088,4.261170581874635,0,0.008965773809523809
12089,4.319335548813916,0,0.008965773809523809
12090,4.3775758517116365,0,0.008965773809523809
12091,4.24107351682397,2,0.008947172619047618
12092,4.104462928565547,2,0.008872767857142857
12093,4.163148540183383,0,0.008872767857142857
12094,4.124100909606444,1,0.008872767857142857
12095,4.182920396699838,0,0.008872767857142857
12096,4.241746802959752,0,0.008872767857142857
12097,4.300576450772591,0,0.008872767857142857
12098,4.359406042446565,0,0.008872767857142857
12099,4.418212703652741,0,0.008872767857142857
12100,4.477016049124777,0,0.008872767857142857
12101,4.535812053042256,0,0.008872767857142857
12102,4.594598321938148,0,0.008872767857142857
12103,4.653372568157864,0,0.008872767857142857
12104,4.712132554255658,0,0.008872767857142857
12105,4.770877420576116,0,0.008872767857142857
12106,4.829603893740164,0,0.008872767857142857
12107,4.888309926971151,0,0.008872767857142857
12108,4.946993492742985,0,0.008872767857142857
12109,5.0056525681001816,0,0.008872767857142857
12110,4.964675229094646,1,0.008854166666666666
12111,5.022257602524223,0,0.008854166666666666
12112,4.7872486376424686,3,0.008742559523809524
12113,4.746223873048434,1,0.008761160714285714
12114,4.705410305587863,1,0.008742559523809524
12115,4.761788000071636,0,0.008742559523809524
12116,4.819191505124172,0,0.008742559523809524
12117,4.583387728503457,3,0.008705357142857143
12118,4.628440038031433,0,0.008705357142857143
12119,4.589086427067726,1,0.008686755952380953
12120,4.646225442626038,0,0.008686755952380953
12121,4.703512724789201,0,0.008686755952380953
12122,4.760882901014239,0,0.008686755952380953
12123,4.818387529425493,0,0.008686755952380953
12124,4.876071621773665,0,0.008686755952380953
12125,4.835159152234698,1,0.008705357142857143
12126,4.893039902966057,0,0.008705357142857143
12127,4.950954128184529,0,0.008705357142857143
12128,5.00888337088784,0,0.008705357142857143
12129,5.066814957226477,0,0.008705357142857143
12130,5.124739475393333,0,0.008705357142857143
12131,4.888615691558951,3,0.008742559523809524
12132,4.8498231888567265,1,0.008742559523809524
12133,4.711127007372494,2,0.008742559523809524
12134,4.76945945141665,0,0.008742559523809524
12135,4.72954337544509,1,0.008686755952380953
12136,4.787418931857276,0,0.008686755952380953
12137,4.845315863831478,0,0.008686755952380953
12138,4.903221161629794,0,0.008686755952380953
12139,4.961124650899394,0,0.008686755952380953
12140,5.0190180248480205,0,0.008686755952380953
12141,4.9789050252249005,1,0.008686755952380953
12142,4.937999615554385,1,0.008705357142857143
12143,4.995471030861329,0,0.008705357142857143
12144,5.049350912025499,0,0.008705357142857143
12145,5.10643857436486,0,0.008705357142857143
12146,4.966917004879739,2,0.008742559523809524
12147,5.024147596588619,0,0.008742559523809524
12148,5.081368163443204,0,0.008742559523809524
12149,5.0389530994001515,1,0.008742559523809524
12150,5.095973311900184,0,0.008742559523809524
12151,4.9567125954438875,2,0.008742559523809524
12152,5.013966523153874,0,0.008742559523809524
12153,4.972920091350066,1,0.008705357142857143
12154,5.029931411075776,0,0.008705357142857143
12155,5.087060063839059,0,0.008705357142857143
12156,4.950600197483279,2,0.008723958333333334
12157,5.008169486089973,0,0.008723958333333334
12158,5.0657983048129855,0,0.008723958333333334
12159,5.025158260317054,1,0.008723958333333334
12160,4.98500839602896,1,0.008686755952380953
12161,5.042875522808518,0,0.008686755952380953
12162,4.905985366926538,2,0.008723958333333334
12163,4.964055628800572,0,0.008723958333333334
12164,5.017492378457872,0,0.008723958333333334
12165,5.075057040683371,0,0.008723958333333334
12166,5.034379959758204,1,0.008761160714285714
12167,5.091929381144522,0,0.008761160714285714
12168,5.052644555010419,1,0.008742559523809524
12169,5.012438111964448,1,0.008742559523809524
12170,4.972086754011332,1,0.008742559523809524
12171,5.0300386783737805,0,0.008742559523809524
12172,5.088023661619432,0,0.008742559523809524
12173,5.146022365173161,0,0.008742559523809524
12174,5.20402173105882,0,0.008742559523809524
12175,5.163649997425839,1,0.008686755952380953
12176,5.221813108166737,0,0.008686755952380953
12177,5.28002388009551,0,0.008686755952380953
12178,5.04530612983113,3,0.008705357142857143
12179,5.102784281487986,0,0.008705357142857143
12180,4.963674337360529,2,0.008686755952380953
12181,5.021334389132047,0,0.008686755952380953
12182,5.078971498809339,0,0.008686755952380953
12183,4.942964491778359,2,0.008686755952380953
12184,4.804939960923956,2,0.008686755952380953
12185,4.862118247100445,0,0.008686755952380953
12186,4.919332170605494,0,0.008686755952380953
12187,4.976761530962422,0,0.008686755952380953
12188,4.745022734011139,3,0.008649553571428572
12189,4.8028442507860145,0,0.008649553571428572
12190,4.76544640241835,1,0.008649553571428572
12191,4.725624110579172,1,0.008612351190476191
12192,4.78371123441749,0,0.008612351190476191
12193,4.841821229980052,0,0.008612351190476191
12194,4.897664118008424,0,0.008612351190476191
12195,4.85790965220715,1,0.008612351190476191
12196,4.915583364955502,0,0.008612351190476191
12197,4.973335010745318,0,0.008612351190476191
12198,5.031166616654869,0,0.008612351190476191
12199,4.990637664265742,1,0.008612351190476191
12200,5.048581038179558,0,0.008612351190476191
12201,5.106698225511618,0,0.008612351190476191
12202,5.164924844218835,0,0.008612351190476191
12203,5.124797324720898,1,0.00859375
12204,5.1831733134986155,0,0.00859375
12205,5.143167047551566,1,0.008630952380952382
12206,5.201630221970163,0,0.008630952380952382
12207,5.162393113185406,1,0.008649553571428572
12208,5.025601780154003,2,0.008668154761904762
12209,4.985222122221365,1,0.008649553571428572
12210,4.940492992818361,1,0.008649553571428572
12211,4.899268923503794,1,0.008686755952380953
12212,4.859132477103134,1,0.008649553571428572
12213,4.818576440539864,1,0.008649553571428572
12214,4.779478388341724,1,0.008668154761904762
12215,4.536935261574798,3,0.008723958333333334
12216,4.588313691907473,0,0.008723958333333334
12217,4.545219727264827,1,0.008705357142857143
12218,4.600921111572315,0,0.008705357142857143
12219,4.6570600585157935,0,0.008705357142857143
12220,4.418708531794456,3,0.008686755952380953
12221,4.378475389919142,1,0.008705357142857143
12222,4.435509876599585,0,0.008705357142857143
12223,4.4927623393216995,0,0.008705357142857143
12224,4.550386324037224,0,0.008705357142857143
12225,4.505761752551509,1,0.008723958333333334
12226,4.562753270845886,0,0.008723958333333334
12227,4.521421739249477,1,0.008779761904761905
12228,4.578773598464604,0,0.008779761904761905
12229,4.636236529950378,0,0.008779761904761905
12230,4.693789312881409,0,0.008779761904761905
12231,4.751584746898634,0,0.008779761904761905
12232,4.809527812339412,0,0.008779761904761905
12233,4.574972512291867,3,0.008798363095238095
12234,4.632783752839707,0,0.008798363095238095
12235,4.592224522146507,1,0.008798363095238095
12236,4.649810650737475,0,0.008798363095238095
12237,4.702576004434609,0,0.008798363095238095
12238,4.759963084503886,0,0.008798363095238095
12239,4.8174682300480285,0,0.008798363095238095
12240,4.869930327304778,0,0.008798363095238095
12241,4.828648436802018,1,0.008798363095238095
12242,4.783526300396765,1,0.008761160714285714
12243,4.83782914543999,0,0.008761160714285714
12244,4.893049643335269,0,0.008761160714285714
12245,4.753791767082318,2,0.008686755952380953
12246,4.515745539839561,3,0.008630952380952382
12247,4.471942191846009,1,0.00859375
12248,4.5255806647187935,0,0.00859375
12249,4.479804452727626,1,0.00859375
12250,4.5347992422838495,0,0.00859375
12251,4.491908466540363,1,0.00857514880952381
12252,4.351301290072786,2,0.008500744047619047
12253,4.399140710926982,0,0.008500744047619047
12254,4.160679706252718,3,0.00855654761904762
12255,4.215531401019434,0,0.00855654761904762
12256,4.270512813656841,0,0.00855654761904762
12257,4.03496676167853,3,0.008649553571428572
12258,3.8932951180776167,2,0.008723958333333334
12259,3.94879343858065,0,0.008723958333333334
12260,3.9060439091551267,1,0.008705357142857143
12261,3.9582314909221066,0,0.008705357142857143
12262,3.9981753062225978,0,0.008705357142857143
12263,4.053241411802997,0,0.008705357142857143
12264,4.108325714819928,0,0.008705357142857143
12265,4.163444828445898,0,0.008705357142857143
12266,4.21884762397179,0,0.008705357142857143
12267,4.274542093623054,0,0.008705357142857143
12268,4.330398870595198,0,0.008705357142857143
12269,4.386367565355603,0,0.008705357142857143
12270,4.442408473697401,0,0.008705357142857143
12271,4.498496823405017,0,0.008705357142857143
12272,4.554616661153189,0,0.008705357142857143
12273,4.594658780592502,0,0.008705357142857143
12274,4.65011566347231,0,0.008705357142857143
12275,4.705550870292995,0,0.008705357142857143
12276,4.6631720314808955,1,0.008723958333333334
12277,4.718658058019783,0,0.008723958333333334
12278,4.6758743876531526,1,0.008668154761904762
12279,4.534994750509118,2,0.008705357142857143
12280,4.590377558769645,0,0.008705357142857143
12281,4.64590919740108,0,0.008705357142857143
12282,4.60375737298677,1,0.008668154761904762
12283,4.558764171782063,1,0.008686755952380953
12284,4.51563837591878,1,0.008686755952380953
12285,4.4711886064981305,1,0.008705357142857143
12286,4.524322489907203,0,0.008705357142857143
12287,4.578062418908204,0,0.008705357142857143
12288,4.632244822383824,0,0.008705357142857143
12289,4.68544016529693,0,0.008705357142857143
12290,4.739488227792611,0,0.008705357142857143
12291,4.502481493699628,3,0.008723958333333334
12292,4.557378245461806,0,0.008723958333333334
12293,4.612511616929204,0,0.008723958333333334
12294,4.66783768288588,0,0.008723958333333334
12295,4.723325661121277,0,0.008723958333333334
12296,4.778952794121712,0,0.008723958333333334
12297,4.539593640043183,3,0.008742559523809524
12298,4.399306070732688,2,0.008742559523809524
12299,4.357148181372997,1,0.008742559523809524
12300,4.410648569048521,0,0.008742559523809524
12301,4.442187391948723,0,0.008742559523809524
12302,4.4963759307143505,0,0.008742559523809524
12303,4.550960690938947,0,0.008742559523809524
12304,4.605823269540001,0,0.008742559523809524
12305,4.661136200589582,0,0.008742559523809524
12306,4.715027839736417,0,0.008742559523809524
12307,4.770509268221966,0,0.008742559523809524
12308,4.826230000583448,0,0.008742559523809524
12309,4.786483416160806,1,0.008723958333333334
12310,4.8424938422540995,0,0.008723958333333334
12311,4.898574382196022,0,0.008723958333333334
12312,4.749520621878999,2,0.008686755952380953
12313,4.803902980441043,0,0.008686755952380953
12314,4.858413618980029,0,0.008686755952380953
12315,4.8146347625690575,1,0.008686755952380953
12316,4.869415542370412,0,0.008686755952380953
12317,4.826058004054124,1,0.008649553571428572
12318,4.782671789053361,1,0.008668154761904762
12319,4.838305459327545,0,0.008668154761904762
12320,4.7875259505863195,1,0.008630952380952382
12321,4.843141727076733,0,0.008630952380952382
12322,4.800417435954971,1,0.008649553571428572
12323,4.758267250408497,1,0.008612351190476191
12324,4.814165430479154,0,0.008612351190476191
12325,4.7718688365006,1,0.008612351190476191
12326,4.828559868789251,0,0.008612351190476191
12327,4.690156494655126,2,0.008612351190476191
12328,4.550728385676519,2,0.008686755952380953
12329,4.6062095335527085,0,0.008686755952380953
12330,4.661754468442345,0,0.008686755952380953
12331,4.717352800265783,0,0.008686755952380953
12332,4.6748918958823635,1,0.008649553571428572
12333,4.730671789696644,0,0.008649553571428572
12334,4.688187576969274,1,0.008649553571428572
12335,4.645867095316865,1,0.008612351190476191
12336,4.6036735061147365,1,0.008612351190476191
12337,4.659992683599617,0,0.008612351190476191
12338,4.716494451598121,0,0.008612351190476191
12339,4.675538708781,1,0.008649553571428572
12340,4.726307525208402,0,0.008649553571428572
12341,4.684121111840031,1,0.008649553571428572
12342,4.740377568873907,0,0.008649553571428572
12343,4.696477916233765,1,0.008630952380952382
12344,4.554157618929258,2,0.008630952380952382
12345,4.511310849183088,1,0.008630952380952382
12346,4.565056449135821,0,0.008630952380952382
12347,4.62016032875091,0,0.008630952380952382
12348,4.67558025466474,0,0.008630952380952382
12349,4.5343934723903905,2,0.008686755952380953
12350,4.588080701258037,0,0.008686755952380953
12351,4.64374784234278,0,0.008686755952380953
12352,4.699747746260682,0,0.008686755952380953
12353,4.659137298837869,1,0.008723958333333334
12354,4.518996835804319,2,0.008779761904761905
12355,4.5729219125786615,0,0.008779761904761905
12356,4.52043545278221,1,0.008742559523809524
12357,4.477865408102295,1,0.008742559523809524
12358,4.533460532846049,0,0.008742559523809524
12359,4.492126482600894,1,0.008798363095238095
12360,4.548153207749305,0,0.008798363095238095
12361,4.600097677774915,0,0.008798363095238095
12362,4.555371351162151,1,0.008779761904761905
12363,4.6114750576239425,0,0.008779761904761905
12364,4.667680110387216,0,0.008779761904761905
12365,4.723951203566072,0,0.008779761904761905
12366,4.780264355186228,0,0.008779761904761905
12367,4.735373646598494,1,0.008835565476190476
12368,4.791210328199697,0,0.008835565476190476
12369,4.748898081265345,1,0.008854166666666666
12370,4.805222559520669,0,0.008854166666666666
12371,4.76454235295815,1,0.008798363095238095
12372,4.821512288510823,0,0.008798363095238095
12373,4.685939365224954,2,0.008705357142857143
12374,4.743640678908998,0,0.008705357142857143
12375,4.605403016569216,2,0.008630952380952382
12376,4.662815451059413,0,0.008630952380952382
12377,4.618352543273776,1,0.008630952380952382
12378,4.579722013724014,1,0.008630952380952382
12379,4.4397853522939394,2,0.00859375
12380,4.495675729088314,0,0.00859375
12381,4.354931493949725,2,0.008519345238095237
12382,4.41064246099582,0,0.008519345238095237
12383,4.272757622911022,2,0.008519345238095237
12384,4.328810310866783,0,0.008519345238095237
12385,4.379852634834624,0,0.008519345238095237
12386,4.3374958895778795,1,0.008519345238095237
12387,4.197242151192702,2,0.008519345238095237
12388,4.253876372857879,0,0.008519345238095237
12389,4.3107059873957025,0,0.008519345238095237
12390,4.367746265992061,0,0.008519345238095237
12391,4.425110363742087,0,0.008519345238095237
12392,4.476318175201804,0,0.008519345238095237
12393,4.434020059194198,1,0.008482142857142856
12394,4.489951013296948,0,0.008482142857142856
12395,4.545902136801198,0,0.008482142857142856
12396,4.599798438386085,0,0.008482142857142856
12397,4.642416811406549,0,0.008482142857142856
12398,4.697968193429446,0,0.008482142857142856
12399,4.557013677807159,2,0.008482142857142856
12400,4.607579038778825,0,0.008482142857142856
12401,4.371993411087857,3,0.008537946428571428
12402,4.427353981709745,0,0.008537946428571428
12403,4.48294940603276,0,0.008537946428571428
12404,4.530537046062113,0,0.008537946428571428
12405,4.5860402540516185,0,0.008537946428571428
12406,4.6417449514419395,0,0.008537946428571428
12407,4.697626778598161,0,0.008537946428571428
12408,4.753658909981931,0,0.008537946428571428
12409,4.712621759803849,1,0.008537946428571428
12410,4.671752647659972,1,0.008519345238095237
12411,4.727896154064689,0,0.008519345238095237
12412,4.587521001346044,2,0.00857514880952381
12413,4.545602206780214,1,0.008612351190476191
12414,4.600707567252461,0,0.008612351190476191
12415,4.558005761940875,1,0.008612351190476191
12416,4.606493074477052,0,0.008612351190476191
12417,4.5629428033532085,1,0.00859375
12418,4.51826888633402,1,0.00855654761904762
12419,4.376459392065658,2,0.008630952380952382
12420,4.333046491284188,1,0.008630952380952382
12421,4.388596392231454,0,0.008630952380952382
12422,4.444589584378171,0,0.008630952380952382
12423,4.304540826153051,2,0.00859375
12424,4.2560804610047445,1,0.00859375
12425,4.216062501836538,1,0.008630952380952382
12426,4.273081847242877,0,0.008630952380952382
12427,4.224840475596941,1,0.008649553571428572
12428,4.186924635810335,1,0.00859375
12429,4.24390843684857,0,0.00859375
12430,4.301082743032423,0,0.00859375
12431,4.354938980933289,0,0.00859375
12432,4.4118288794290565,0,0.00859375
12433,4.468750084299861,0,0.00859375
12434,4.515686661986295,0,0.00859375
12435,4.572471735556231,0,0.00859375
12436,4.629312596162655,0,0.00859375
12437,4.686321104863949,0,0.00859375
12438,4.727971139259612,0,0.00859375
12439,4.784800589903793,0,0.00859375
12440,4.8417192137566865,0,0.00859375
12441,4.898674798358535,0,0.00859375
12442,4.857392637103988,1,0.00857514880952381
12443,4.914521622850735,0,0.00857514880952381
12444,4.971771941722211,0,0.00857514880952381
12445,4.832235544955977,2,0.00857514880952381
12446,4.889607105063407,0,0.00857514880952381
12447,4.94699081417371,0,0.00857514880952381
12448,4.90594985072502,1,0.00857514880952381
12449,4.867617638612339,1,0.00857514880952381
12450,4.732877083536756,2,0.008612351190476191
12451,4.684346416912444,1,0.00859375
12452,4.642981101243372,1,0.008537946428571428
12453,4.604506857269002,1,0.008537946428571428
12454,4.6592413650080235,0,0.008537946428571428
12455,4.7143313273457705,0,0.008537946428571428
12456,4.767980007560793,0,0.008537946428571428
12457,4.625263635895644,2,0.008519345238095237
12458,4.675338052182321,0,0.008519345238095237
12459,4.624272395922281,1,0.00855654761904762
12460,4.677186228392218,0,0.00855654761904762
12461,4.73037157390537,0,0.00855654761904762
12462,4.7837848680088335,0,0.00855654761904762
12463,4.5425036182814225,3,0.008537946428571428
12464,4.400965304329811,2,0.008519345238095237
12465,4.357021770521031,1,0.008500744047619047
12466,4.4113496918757535,0,0.008500744047619047
12467,4.371150011587735,1,0.008444940476190476
12468,4.4263139375795255,0,0.008444940476190476
12469,4.469269982054778,0,0.008444940476190476
12470,4.52451308295112,0,0.008444940476190476
12471,4.579935363925863,0,0.008444940476190476
12472,4.635567803765021,0,0.008444940476190476
12473,4.69146384650596,0,0.008444940476190476
12474,4.649754850896079,1,0.008444940476190476
12475,4.7058243100051245,0,0.008444940476190476
12476,4.754610136555342,0,0.008444940476190476
12477,4.809921381221758,0,0.008444940476190476
12478,4.656930381719163,2,0.008407738095238095
12479,4.7115236546948855,0,0.008407738095238095
12480,4.668456077290114,1,0.008351934523809524
12481,4.723199500455567,0,0.008351934523809524
12482,4.75447373526043,0,0.008351934523809524
12483,4.6125997641252106,2,0.008351934523809524
12484,4.569416724723674,1,0.008351934523809524
12485,4.5281083052487405,1,0.008370535714285714
12486,4.58286258958864,0,0.008370535714285714
12487,4.637849660186658,0,0.008370535714285714
12488,4.585908247446632,1,0.008407738095238095
12489,4.542310332391728,1,0.008389136904761904
12490,4.59741553488427,0,0.008389136904761904
12491,4.45250279413913,2,0.008426339285714285
12492,4.507228544300551,0,0.008426339285714285
12493,4.4635413898712395,1,0.008407738095238095
12494,4.518497010066621,0,0.008407738095238095
12495,4.5718281608030304,0,0.008407738095238095
12496,4.626513910178602,0,0.008407738095238095
12497,4.681325447868129,0,0.008407738095238095
12498,4.736208020368507,0,0.008407738095238095
12499,4.693296369862754,1,0.008426339285714285
12500,4.748294651463447,0,0.008426339285714285
12501,4.606820599608837,2,0.008519345238095237
12502,4.4659114786062135,2,0.008500744047619047
12503,4.521293224210121,0,0.008500744047619047
12504,4.479368429701717,1,0.008463541666666666
12505,4.528393409729779,0,0.008463541666666666
12506,4.582689023902362,0,0.008463541666666666
12507,4.637464169358018,0,0.008463541666666666
12508,4.692577896772356,0,0.008463541666666666
12509,4.555360983028749,2,0.008519345238095237
12510,4.512778574826326,1,0.008500744047619047
12511,4.471013623828249,1,0.008463541666666666
12512,4.5214188241542725,0,0.008463541666666666
12513,4.57755085133478,0,0.008463541666666666
12514,4.5363761232143105,1,0.008444940476190476
12515,4.4943417662841725,1,0.008426339285714285
12516,4.544729643463724,0,0.008426339285714285
12517,4.506666877286219,1,0.008444940476190476
12518,4.563046314142951,0,0.008444940476190476
12519,4.521253704562876,1,0.008463541666666666
12520,4.283898365812046,3,0.008389136904761904
12521,4.34116852081974,0,0.008389136904761904
12522,4.398678147266612,0,0.008389136904761904
12523,4.456349760520174,0,0.008389136904761904
12524,4.416555474668855,1,0.008370535714285714
12525,4.473866324937395,0,0.008370535714285714
12526,4.42884835895464,1,0.008389136904761904
12527,4.380885354777965,1,0.008426339285714285
12528,4.335553342429203,1,0.008407738095238095
12529,4.391888974691753,0,0.008407738095238095
12530,4.3509066979519035,1,0.008351934523809524
12531,4.407203849904175,0,0.008351934523809524
12532,4.463584577152676,0,0.008351934523809524
12533,4.520333872073407,0,0.008351934523809524
12534,4.5774475584208885,0,0.008351934523809524
12535,4.535829236766853,1,0.008389136904761904
12536,4.495835677188278,1,0.008389136904761904
12537,4.454483027267296,1,0.008407738095238095
12538,4.511723707851594,0,0.008407738095238095
12539,4.473237354634234,1,0.008407738095238095
12540,4.523667611048097,0,0.008407738095238095
12541,4.580730080244375,0,0.008407738095238095
12542,4.442797554811048,2,0.008482142857142856
12543,4.500115607649569,0,0.008482142857142856
12544,4.557480056266609,0,0.008482142857142856
12545,4.614882710438919,0,0.008482142857142856
12546,4.672322281080954,0,0.008482142857142856
12547,4.631527276036368,1,0.008519345238095237
12548,4.591592247804106,1,0.008537946428571428
12549,4.553119874153484,1,0.00855654761904762
12550,4.611165330403681,0,0.00855654761904762
12551,4.5723032235272285,1,0.008519345238095237
12552,4.43411338158189,2,0.00855654761904762
12553,4.29622325736434,2,0.00855654761904762
12554,4.35337881779702,0,0.00855654761904762
12555,4.410549458589365,0,0.00855654761904762
12556,4.4677296463371,0,0.00855654761904762
12557,4.4284880879161586,1,0.008519345238095237
12558,4.48574577760956,0,0.008519345238095237
12559,4.445117167919198,1,0.008519345238095237
12560,4.502255053400735,0,0.008519345238095237
12561,4.559403538059918,0,0.008519345238095237
12562,4.614987063518628,0,0.008519345238095237
12563,4.671478250365696,0,0.008519345238095237
12564,4.727961536304908,0,0.008519345238095237
12565,4.58772933684644,2,0.008519345238095237
12566,4.546978945356262,1,0.00855654761904762
12567,4.505126871119418,1,0.00859375
12568,4.550709752428358,0,0.00859375
12569,4.606759344273646,0,0.00859375
12570,4.467359774944897,2,0.008630952380952382
12571,4.523799518606199,0,0.008630952380952382
12572,4.580283759233516,0,0.008630952380952382
12573,4.539237534907996,1,0.008649553571428572
12574,4.596411504975365,0,0.008649553571428572
12575,4.653767815594401,0,0.008649553571428572
12576,4.612838346970691,1,0.008630952380952382
12577,4.670435858242883,0,0.008630952380952382
12578,4.728095072294545,0,0.008630952380952382
12579,4.688983364942062,1,0.008630952380952382
12580,4.741131968006639,0,0.008630952380952382
12581,4.699504451374411,1,0.008686755952380953
12582,4.75634456976016,0,0.008686755952380953
12583,4.813189875505641,0,0.008686755952380953
12584,4.6741953921444255,2,0.008723958333333334
12585,4.534445979431738,2,0.008705357142857143
12586,4.493365971761235,1,0.008705357142857143
12587,4.550828138372165,0,0.008705357142857143
12588,4.510414243411141,1,0.008686755952380953
12589,4.370564342246824,2,0.008742559523809524
12590,4.329514426717286,1,0.008723958333333334
12591,4.288693886815656,1,0.008686755952380953
12592,4.248024442715748,1,0.008686755952380953
12593,4.30514567607808,0,0.008686755952380953
12594,4.362368948058315,0,0.008686755952380953
12595,4.419673630338817,0,0.008686755952380953
12596,4.4770431925933085,0,0.008686755952380953
12597,4.534481223165355,0,0.008686755952380953
12598,4.592119184262725,0,0.008686755952380953
12599,4.632622783016137,0,0.008686755952380953
12600,4.689639535844597,0,0.008686755952380953
12601,4.743031041596975,0,0.008686755952380953
12602,4.704226979837447,1,0.008686755952380953
12603,4.760918377451103,0,0.008686755952380953
12604,4.721635376072024,1,0.008705357142857143
12605,4.770454283699199,0,0.008705357142857143
12606,4.827411111589773,0,0.008705357142857143
12607,4.787419061637027,1,0.008705357142857143
12608,4.844980098327716,0,0.008705357142857143
12609,4.902648972514228,0,0.008705357142857143
12610,4.9603867110193995,0,0.008705357142857143
12611,4.9199123144017936,1,0.008649553571428572
12612,4.9775017711378045,0,0.008649553571428572
12613,4.937535155923298,1,0.008612351190476191
12614,4.800862910523017,2,0.008686755952380953
12615,4.76101752304449,1,0.008686755952380953
12616,4.621729260076611,2,0.008668154761904762
12617,4.6800168480873445,0,0.008668154761904762
12618,4.738404356818099,0,0.008668154761904762
12619,4.796853522102933,0,0.008668154761904762
12620,4.855339711424915,0,0.008668154761904762
12621,4.913846490134836,0,0.008668154761904762
12622,4.876155753354961,1,0.008630952380952382
12623,4.934433318653613,0,0.008630952380952382
12624,4.9927278793927625,0,0.008630952380952382
12625,5.051032194799534,0,0.008630952380952382
12626,5.109340046255643,0,0.008630952380952382
12627,5.167645967837429,0,0.008630952380952382
12628,5.128841811856822,1,0.00857514880952381
12629,5.088738071802216,1,0.00857514880952381
12630,5.048803717584937,1,0.00857514880952381
12631,5.107164716475629,0,0.00857514880952381
12632,5.06827565118426,1,0.00859375
12633,5.1202404487298665,0,0.00859375
12634,5.078421357744106,1,0.008612351190476191
12635,5.1342667703965175,0,0.008612351190476191
12636,4.997409841089496,2,0.008612351190476191
12637,4.957754612236724,1,0.00857514880952381
12638,5.0138125987395155,0,0.00857514880952381
12639,5.0700044738009025,0,0.00857514880952381
12640,5.025765774707719,1,0.00855654761904762
12641,5.080794881407361,0,0.00855654761904762
12642,5.136401953941516,0,0.00855654761904762
12643,5.192395367911993,0,0.00855654761904762
12644,5.150233094264361,1,0.008612351190476191
12645,5.206717825777524,0,0.008612351190476191
12646,5.263336050749131,0,0.008612351190476191
12647,5.320047207999226,0,0.008612351190476191
12648,5.184970626208765,2,0.00855654761904762
12649,5.143438855858591,1,0.00859375
12650,5.0034907743565205,2,0.008686755952380953
12651,4.850588809776903,2,0.008705357142857143
12652,4.895300491789203,0,0.008705357142857143
12653,4.951159717572994,0,0.008705357142857143
12654,4.908577377702026,1,0.008686755952380953
12655,4.964581693592106,0,0.008686755952380953
12656,4.728103658495745,3,0.008612351190476191
12657,4.783934047350844,0,0.008612351190476191
12658,4.84001201239381,0,0.008612351190476191
12659,4.797852242173799,1,0.008649553571428572
12660,4.75823003880005,1,0.00859375
12661,4.814277199121476,0,0.00859375
12662,4.870389925891197,0,0.00859375
12663,4.926543630038407,0,0.00859375
12664,4.982721454635409,0,0.00859375
12665,4.940487559611282,1,0.008537946428571428
12666,4.996716909028268,0,0.008537946428571428
12667,4.9546986292121655,1,0.008500744047619047
12668,4.814309631164304,2,0.008500744047619047
12669,4.77403074433898,1,0.00855654761904762
12670,4.728531229634679,1,0.00855654761904762
12671,4.688358534095508,1,0.00857514880952381
12672,4.744796555348559,0,0.00857514880952381
12673,4.801249348384708,0,0.00857514880952381
12674,4.765645322636998,1,0.008630952380952382
12675,4.625829952343328,2,0.008649553571428572
12676,4.6735840990258,0,0.008649553571428572
12677,4.631067422079097,1,0.008686755952380953
12678,4.687029929415662,0,0.008686755952380953
12679,4.645257628400569,1,0.008649553571428572
12680,4.701435152657841,0,0.008649553571428572
12681,4.653671647920438,1,0.008649553571428572
12682,4.611676914229849,1,0.008612351190476191
12683,4.6677289052991995,0,0.008612351190476191
12684,4.626056659729255,1,0.00855654761904762
12685,4.674710694495266,0,0.00855654761904762
12686,4.531690043718305,2,0.008537946428571428
12687,4.489962023660029,1,0.008537946428571428
12688,4.34995955113527,2,0.008537946428571428
12689,4.405983494709396,0,0.008537946428571428
12690,4.462244823255128,0,0.008537946428571428
12691,4.518665638974803,0,0.008537946428571428
12692,4.575194747978373,0,0.008537946428571428
12693,4.631796370657664,0,0.008537946428571428
12694,4.40220107248109,3,0.00857514880952381
12695,4.459321259677741,0,0.00857514880952381
12696,4.516538248993603,0,0.00857514880952381
12697,4.573822550335977,0,0.00857514880952381
12698,4.533079150383113,1,0.008612351190476191
12699,4.490776854500592,1,0.008630952380952382
12700,4.547984111676325,0,0.008630952380952382
12701,4.507871825861124,1,0.00857514880952381
12702,4.564337838241865,0,0.00857514880952381
12703,4.423821654238541,2,0.00855654761904762
12704,4.383924134651043,1,0.00859375
12705,4.244468049396197,2,0.00857514880952381
12706,4.300776167146142,0,0.00857514880952381
12707,4.3573725601389794,0,0.00857514880952381
12708,4.205717653888137,2,0.008500744047619047
12709,4.261339702132928,0,0.008500744047619047
12710,4.311248563889878,0,0.008500744047619047
12711,4.365988875239561,0,0.008500744047619047
12712,4.41176135562188,0,0.008500744047619047
12713,4.358949206785295,1,0.008519345238095237
12714,4.314765908338931,1,0.008500744047619047
12715,4.369820266348063,0,0.008500744047619047
12716,4.425410087735794,0,0.008500744047619047
12717,4.481329959585697,0,0.008500744047619047
12718,4.340348417823858,2,0.008482142857142856
12719,4.298523217610745,1,0.008500744047619047
12720,4.355354066807115,0,0.008500744047619047
12721,4.317799490465137,1,0.008463541666666666
12722,4.361064179307865,0,0.008463541666666666
12723,4.31465240578901,1,0.008500744047619047
12724,4.27338240857409,1,0.008500744047619047
12725,4.326858736915883,0,0.008500744047619047
12726,4.380958510263532,0,0.008500744047619047
12727,4.433769956587294,0,0.008500744047619047
12728,4.488548559607327,0,0.008500744047619047
12729,4.543689693652562,0,0.008500744047619047
12730,4.599089413101729,0,0.008500744047619047
12731,4.556365205688943,1,0.008444940476190476
12732,4.514516276182845,1,0.008389136904761904
12733,4.556387315601968,0,0.008389136904761904
12734,4.6125615978943895,0,0.008389136904761904
12735,4.572781131277772,1,0.008370535714285714
12736,4.432182795576383,2,0.008370535714285714
12737,4.389808598685888,1,0.008426339285714285
12738,4.43587488408327,0,0.008426339285714285
12739,4.393964775059106,1,0.008463541666666666
12740,4.449307281752084,0,0.008463541666666666
12741,4.408229575209052,1,0.008426339285714285
12742,4.463852787162095,0,0.008426339285714285
12743,4.519840444011361,0,0.008426339285714285
12744,4.478277182061825,1,0.008463541666666666
12745,4.529224966384148,0,0.008463541666666666
12746,4.584735835101924,0,0.008463541666666666
12747,4.542100268663361,1,0.008426339285714285
12748,4.597567874438344,0,0.008426339285714285
12749,4.653275952381772,0,0.008426339285714285
12750,4.5104046548209125,2,0.008444940476190476
12751,4.368885735428463,2,0.008370535714285714
12752,4.419506710277064,0,0.008370535714285714
12753,4.474684441991716,0,0.008370535714285714
12754,4.431698493737375,1,0.008333333333333333
12755,4.192648080598717,3,0.008333333333333333
12756,4.142766227947163,1,0.008333333333333333
12757,4.097743796535501,1,0.008314732142857143
12758,4.151325672467904,0,0.008314732142857143
12759,4.201960899052857,0,0.008314732142857143
12760,4.256020836515974,0,0.008314732142857143
12761,4.308633312007104,0,0.008314732142857143
12762,4.363039278891468,0,0.008314732142857143
12763,4.417641114978898,0,0.008314732142857143
12764,4.472384901706689,0,0.008314732142857143
12765,4.527381795399408,0,0.008314732142857143
12766,4.582581475754797,0,0.008314732142857143
12767,4.6380036296937055,0,0.008314732142857143
12768,4.58643920229958,1,0.008258928571428572
12769,4.543820656209065,1,0.008296130952380952
12770,4.501713055912588,1,0.008277529761904762
12771,4.557135403480594,0,0.008277529761904762
12772,4.51656305761721,1,0.008277529761904762
12773,4.572066459503552,0,0.008277529761904762
12774,4.530880063330215,1,0.008258928571428572
12775,4.586996351511302,0,0.008258928571428572
12776,4.643286674920941,0,0.008258928571428572
12777,4.6021667739845915,1,0.008258928571428572
12778,4.658565160721558,0,0.008258928571428572
12779,4.616711557897089,1,0.008277529761904762
12780,4.3799488473025185,3,0.008258928571428572
12781,4.339525187698453,1,0.00822172619047619
12782,4.297757025977048,1,0.008240327380952381
12783,4.353923500548663,0,0.008240327380952381
12784,4.41015087109861,0,0.008240327380952381
12785,4.461089551076618,0,0.008240327380952381
12786,4.516934110108259,0,0.008240327380952381
12787,4.572801783148213,0,0.008240327380952381
12788,4.530908197001981,1,0.008240327380952381
12789,4.575649247858554,0,0.008240327380952381
12790,4.630573575730539,0,0.008240327380952381
12791,4.685608491524504,0,0.008240327380952381
12792,4.74075497309493,0,0.008240327380952381
12793,4.795963347115239,0,0.008240327380952381
12794,4.753116836582246,1,0.008277529761904762
12795,4.612977882659939,2,0.008240327380952381
12796,4.668629151456356,0,0.008240327380952381
12797,4.724413359047971,0,0.008240327380952381
12798,4.6820445392677135,1,0.008240327380952381
12799,4.738052743058756,0,0.008240327380952381
12800,4.7919032300374855,0,0.008240327380952381
12801,4.847702074527824,0,0.008240327380952381
12802,4.887525155383052,0,0.008240327380952381
12803,4.8452388762601855,1,0.008277529761904762
12804,4.802899607996764,1,0.008258928571428572
12805,4.858660054336985,0,0.008258928571428572
12806,4.816276215300292,1,0.008277529761904762
12807,4.87177737260576,0,0.008277529761904762
12808,4.920679304741854,0,0.008277529761904762
12809,4.975431204497242,0,0.008277529761904762
12810,4.9318649200018845,1,0.00822172619047619
12811,4.986753688251234,0,0.00822172619047619
12812,5.041628599248786,0,0.00822172619047619
12813,4.999554738312635,1,0.00822172619047619
12814,5.054720780847383,0,0.00822172619047619
12815,5.01165817525064,1,0.008203125
12816,4.870693035579244,2,0.00818452380952381
12817,4.925189487299695,0,0.00818452380952381
12818,4.881592016806477,1,0.00816592261904762
12819,4.840980910889348,1,0.008147321428571429
12820,4.699342088569528,2,0.00816592261904762
12821,4.659137420779103,1,0.008128720238095239
12822,4.5188774449908795,2,0.008110119047619048
12823,4.572922333839509,0,0.008110119047619048
12824,4.627149696057222,0,0.008110119047619048
12825,4.681338501655745,0,0.008110119047619048
12826,4.633585815728975,1,0.00816592261904762
12827,4.685908061238484,0,0.00816592261904762
12828,4.7389284681542385,0,0.00816592261904762
12829,4.792424789320452,0,0.00816592261904762
12830,4.846252847875086,0,0.00816592261904762
12831,4.7977527112408485,1,0.008203125
12832,4.851743248717785,0,0.008203125
12833,4.807515533507164,1,0.008203125
12834,4.665317332036244,2,0.008240327380952381
12835,4.719566410194551,0,0.008240327380952381
12836,4.577826896966519,2,0.008240327380952381
12837,4.534814728764519,1,0.00818452380952381
12838,4.580802919132247,0,0.00818452380952381
12839,4.630442138731348,0,0.00818452380952381
12840,4.684222442407593,0,0.00818452380952381
12841,4.541240202270539,2,0.00818452380952381
12842,4.493154961075583,1,0.008147321428571429
12843,4.547291550904402,0,0.008147321428571429
12844,4.508183898279224,1,0.00818452380952381
12845,4.562698492691942,0,0.00818452380952381
12846,4.516737538176382,1,0.00822172619047619
12847,4.473696546665239,1,0.008203125
12848,4.330957903541338,2,0.008240327380952381
12849,4.385424784399676,0,0.008240327380952381
12850,4.341720789262909,1,0.008277529761904762
12851,4.396640975979962,0,0.008277529761904762
12852,4.3506465258301485,1,0.008296130952380952
12853,4.207933514754595,2,0.008370535714285714
12854,4.166372050481956,1,0.008426339285714285
12855,4.22128569116349,0,0.008426339285714285
12856,4.276280530021784,0,0.008426339285714285
12857,4.3314133830700685,0,0.008426339285714285
12858,4.386656396691146,0,0.008426339285714285
12859,4.3442589291214615,1,0.008407738095238095
12860,4.400346007948754,0,0.008407738095238095
12861,4.456650744999139,0,0.008407738095238095
12862,4.513112449183064,0,0.008407738095238095
12863,4.471849537458941,1,0.008389136904761904
12864,4.528642294277405,0,0.008389136904761904
12865,4.483525147616187,1,0.008351934523809524
12866,4.538530704238462,0,0.008351934523809524
12867,4.59364532607227,0,0.008351934523809524
12868,4.648974612357481,0,0.008351934523809524
12869,4.507757548082336,2,0.008370535714285714
12870,4.46511260687296,1,0.008333333333333333
12871,4.422135694278228,1,0.008333333333333333
12872,4.379536229182303,1,0.008296130952380952
12873,4.434642104093835,0,0.008296130952380952
12874,4.296446880582371,2,0.008296130952380952
12875,4.345630343904532,0,0.008296130952380952
12876,4.3883760165788495,0,0.008296130952380952
12877,4.44246145599279,0,0.008296130952380952
12878,4.496527891381397,0,0.008296130952380952
12879,4.451031050764672,1,0.008296130952380952
12880,4.406853593912399,1,0.008314732142857143
12881,4.457380113503442,0,0.008314732142857143
12882,4.41507907656921,1,0.008296130952380952
12883,4.371250721986189,1,0.008296130952380952
12884,4.229128288966015,2,0.008296130952380952
12885,4.283673213113895,0,0.008296130952380952
12886,4.240896753719075,1,0.008296130952380952
12887,4.195053908821603,1,0.008277529761904762
12888,4.249394266341865,0,0.008277529761904762
12889,4.303868299611511,0,0.008277529761904762
12890,4.3585151269939075,0,0.008277529761904762
12891,4.413385615214298,0,0.008277529761904762
12892,4.468415381947569,0,0.008277529761904762
12893,4.427785838355818,1,0.008296130952380952
12894,4.4826938508565,0,0.008296130952380952
12895,4.537765688099231,0,0.008296130952380952
12896,4.593015086736913,0,0.008296130952380952
12897,4.549933778173622,1,0.008351934523809524
12898,4.605429287807909,0,0.008351934523809524
12899,4.661196300084138,0,0.008351934523809524
12900,4.62171151153501,1,0.008333333333333333
12901,4.582973914585301,1,0.008351934523809524
12902,4.442157924348151,2,0.008296130952380952
12903,4.393847699345381,1,0.008296130952380952
12904,4.352829165196996,1,0.008277529761904762
12905,4.310024935921916,1,0.008277529761904762
12906,4.3627369238147375,0,0.008277529761904762
12907,4.321892601941596,1,0.008258928571428572
12908,4.27806910213128,1,0.008296130952380952
12909,4.333336218340229,0,0.008296130952380952
12910,4.3886615753509615,0,0.008296130952380952
12911,4.444031470610658,0,0.008296130952380952
12912,4.494552691669989,0,0.008296130952380952
12913,4.549799486091955,0,0.008296130952380952
12914,4.601726443956377,0,0.008296130952380952
12915,4.55904079634761,1,0.008314732142857143
12916,4.515443905211617,1,0.008314732142857143
12917,4.471996440803075,1,0.008333333333333333
12918,4.424176962124084,1,0.008370535714285714
12919,4.479167374150586,0,0.008370535714285714
12920,4.534348167352892,0,0.008370535714285714
12921,4.392842878231313,2,0.008314732142857143
12922,4.349943462596092,1,0.008296130952380952
12923,4.3068596063710665,1,0.008296130952380952
12924,4.357917388692188,0,0.008296130952380952
12925,4.316328991302919,1,0.008240327380952381
12926,4.180728643499,2,0.008258928571428572
12927,4.23565060384128,0,0.008258928571428572
12928,4.287858357125924,0,0.008258928571428572
12929,4.342406722600959,0,0.008258928571428572
12930,4.39696176635578,0,0.008258928571428572
12931,4.357847820668361,1,0.008277529761904762
12932,4.412891970885791,0,0.008277529761904762
12933,4.370131620656221,1,0.008314732142857143
12934,4.426063662183687,0,0.008314732142857143
12935,4.381657110997639,1,0.008296130952380952
12936,4.435343179404671,0,0.008296130952380952
12937,4.392364792572014,1,0.008333333333333333
12938,4.348833676156979,1,0.008389136904761904
12939,4.404058580538852,0,0.008389136904761904
12940,4.265196625057684,2,0.008389136904761904
12941,4.3198159064798896,0,0.008389136904761904
12942,4.374663237952677,0,0.008389136904761904
12943,4.429760269807432,0,0.008389136904761904
12944,4.387231847748507,1,0.008389136904761904
12945,4.442771710799664,0,0.008389136904761904
12946,4.297577809530932,2,0.008389136904761904
12947,4.251829721263152,1,0.008389136904761904
12948,4.304398318290479,0,0.008389136904761904
12949,4.359316511324434,0,0.008389136904761904
12950,4.408781485689552,0,0.008389136904761904
12951,4.463235853381607,0,0.008389136904761904
12952,4.517698989470361,0,0.008389136904761904
12953,4.572314652731292,0,0.008389136904761904
12954,4.5287742233092185,1,0.008389136904761904
12955,4.488294924979167,1,0.008351934523809524
12956,4.544050758342391,0,0.008351934523809524
12957,4.60006849999907,0,0.008351934523809524
12958,4.64952985903149,0,0.008351934523809524
12959,4.704316362897917,0,0.008351934523809524
12960,4.660928836552465,1,0.008351934523809524
12961,4.5198448529810875,2,0.008351934523809524
12962,4.478687141202811,1,0.008314732142857143
12963,4.53390714441744,0,0.008314732142857143
12964,4.491085684822919,1,0.008296130952380952
12965,4.546353777179109,0,0.008296130952380952
12966,4.601811314113307,0,0.008296130952380952
12967,4.657406502527801,0,0.008296130952380952
12968,4.699049647685605,0,0.008296130952380952
12969,4.656258192331559,1,0.008277529761904762
12970,4.711771942427748,0,0.008277529761904762
12971,4.765435363990276,0,0.008277529761904762
12972,4.724489614494694,1,0.008258928571428572
12973,4.780000481833441,0,0.008258928571428572
12974,4.8356632303729095,0,0.008258928571428572
12975,4.889992685001882,0,0.008258928571428572
12976,4.945295768021865,0,0.008258928571428572
12977,5.0006321101409625,0,0.008258928571428572
12978,5.056228323812206,0,0.008258928571428572
12979,4.916974338613702,2,0.008333333333333333
12980,4.9733376593493555,0,0.008333333333333333
12981,4.83329834574989,2,0.008314732142857143
12982,4.889753657249755,0,0.008314732142857143
12983,4.942272680101059,0,0.008314732142857143
12984,4.900399070632488,1,0.008333333333333333
12985,4.9567796528809716,0,0.008333333333333333
12986,4.9148022992654194,1,0.008370535714285714
12987,4.971308828020811,0,0.008370535714285714
12988,4.733786967709631,3,0.008426339285714285
12989,4.7730640050278454,0,0.008426339285714285
12990,4.828315379180641,0,0.008426339285714285
12991,4.782143779648555,1,0.008389136904761904
12992,4.836883969418601,0,0.008389136904761904
12993,4.891672598286583,0,0.008389136904761904
12994,4.945230669863082,0,0.008389136904761904
12995,4.993453310024659,0,0.008389136904761904
12996,4.950400531594011,1,0.008370535714285714
12997,4.906679696014834,1,0.008370535714285714
12998,4.961609111126731,0,0.008370535714285714
12999,4.918240184485788,1,0.008370535714285714
13000,4.8753412238516205,1,0.008333333333333333
13001,4.931014315355999,0,0.008333333333333333
13002,4.885640110391712,1,0.008314732142857143
13003,4.842806489485863,1,0.008314732142857143
13004,4.800921098469899,1,0.008277529761904762
13005,4.8534600484244415,0,0.008277529761904762
13006,4.909227705732908,0,0.008277529761904762
13007,4.768404255532143,2,0.00822172619047619
13008,4.726273426164848,1,0.008258928571428572
13009,4.590407532082528,2,0.00822172619047619
13010,4.547989129585088,1,0.00822172619047619
13011,4.604224193369434,0,0.00822172619047619
13012,4.660607665558632,0,0.00822172619047619
13013,4.618670985922449,1,0.008203125
13014,4.478370038357166,2,0.008258928571428572
13015,4.535089136627483,0,0.008258928571428572
13016,4.493503006821762,1,0.00822172619047619
13017,4.349592020132477,2,0.008296130952380952
13018,4.3085884582793454,1,0.008277529761904762
13019,4.0713805983350735,3,0.00816592261904762
13020,4.1285387919911685,0,0.00816592261904762
13021,4.185752969843969,0,0.00816592261904762
13022,4.243061062233238,0,0.00816592261904762
13023,4.300256804123356,0,0.00816592261904762
13024,4.257082585678775,1,0.00816592261904762
13025,4.314124749545685,0,0.00816592261904762
13026,4.371225467764608,0,0.00816592261904762
13027,4.418974659743198,0,0.00816592261904762
13028,4.377595252301247,1,0.008203125
13029,4.336111559844305,1,0.00818452380952381
13030,4.39326903381885,0,0.00818452380952381
13031,4.450542838265079,0,0.00818452380952381
13032,4.502400910929608,0,0.00818452380952381
13033,4.5595136801158755,0,0.00818452380952381
13034,4.616747356652092,0,0.00818452380952381
13035,4.477223290027877,2,0.008258928571428572
13036,4.534657226561038,0,0.008258928571428572
13037,4.4934394715054715,1,0.008277529761904762
13038,4.549545440905652,0,0.008277529761904762
13039,4.6029837701352365,0,0.008277529761904762
13040,4.561138129144817,1,0.008314732142857143
13041,4.617733031771274,0,0.008314732142857143
13042,4.670955443637023,0,0.008314732142857143
13043,4.725775783372159,0,0.008314732142857143
13044,4.781306529682803,0,0.008314732142857143
13045,4.736633932208921,1,0.008296130952380952
13046,4.693965657353213,1,0.008240327380952381
13047,4.6515684632377,1,0.008240327380952381
13048,4.611894573643149,1,0.008203125
13049,4.472987739746091,2,0.00822172619047619
13050,4.332709639972071,2,0.008258928571428572
13051,4.388373412684592,0,0.008258928571428572
13052,4.44484137780926,0,0.008258928571428572
13053,4.390792924800616,1,0.008314732142857143
13054,4.447243728949929,0,0.008314732142857143
13055,4.4063700552679155,1,0.008333333333333333
13056,4.462615379004613,0,0.008333333333333333
13057,4.421664061578421,1,0.008314732142857143
13058,4.3816521773930885,1,0.008296130952380952
13059,4.438926147384025,0,0.008296130952380952
13060,4.496618362221004,0,0.008296130952380952
13061,4.455889250955363,1,0.008351934523809524
13062,4.5137113499431445,0,0.008351934523809524
13063,4.372736750453135,2,0.008333333333333333
13064,4.425450111136668,0,0.008333333333333333
13065,4.481645172034114,0,0.008333333333333333
13066,4.439779951063292,1,0.008296130952380952
13067,4.496683080263807,0,0.008296130952380952
13068,4.259182417900738,3,0.008296130952380952
13069,4.316619314432964,0,0.008296130952380952
13070,4.374240184774047,0,0.008296130952380952
13071,4.432084314709955,0,0.008296130952380952
13072,4.490078530450698,0,0.008296130952380952
13073,4.355975516933168,2,0.008277529761904762
13074,4.413042402849837,0,0.008277529761904762
13075,4.470361574301844,0,0.008277529761904762
13076,4.527705077572415,0,0.008277529761904762
13077,4.571602353166704,0,0.008277529761904762
13078,4.628776062700731,0,0.008277529761904762
13079,4.672460511708157,0,0.008277529761904762
13080,4.728811919363872,0,0.008277529761904762
13081,4.785458280428345,0,0.008277529761904762
13082,4.8422742853671785,0,0.008277529761904762
13083,4.702780726100567,2,0.008296130952380952
13084,4.6602865159093,1,0.008351934523809524
13085,4.523132830644521,2,0.008277529761904762
13086,4.58042245783606,0,0.008277529761904762
13087,4.5396530270881685,1,0.008296130952380952
13088,4.498567662638942,1,0.008314732142857143
13089,4.556165989519922,0,0.008314732142857143
13090,4.605681698481971,0,0.008314732142857143
13091,4.4671906851190535,2,0.008333333333333333
13092,4.426470218608814,1,0.008351934523809524
13093,4.383920536541989,1,0.008333333333333333
13094,4.441633224550107,0,0.008333333333333333
13095,4.498707819452715,0,0.008333333333333333
13096,4.555937038469923,0,0.008333333333333333
13097,4.510964558381879,1,0.008333333333333333
13098,4.469454473390245,1,0.008314732142857143
13099,4.42891743099414,1,0.008277529761904762
13100,4.4856396595132635,0,0.008277529761904762
13101,4.542488799412956,0,0.008277529761904762
13102,4.504349330307726,1,0.008333333333333333
13103,4.46329436881684,1,0.008314732142857143
13104,4.520939595075731,0,0.008314732142857143
13105,4.565266272262128,0,0.008314732142857143
13106,4.623028593159174,0,0.008314732142857143
13107,4.668941556783664,0,0.008314732142857143
13108,4.72625901206172,0,0.008314732142857143
13109,4.7836391553813735,0,0.008314732142857143
13110,4.742834161295569,1,0.008333333333333333
13111,4.8006112021396445,0,0.008333333333333333
13112,4.7600989091227595,1,0.008333333333333333
13113,4.621500905569073,2,0.008314732142857143
13114,4.580612431830934,1,0.008314732142857143
13115,4.638448146177816,0,0.008314732142857143
13116,4.696472007124342,0,0.008314732142857143
13117,4.754623206083341,0,0.008314732142857143
13118,4.812860896003821,0,0.008314732142857143
13119,4.871156317355669,0,0.008314732142857143
13120,4.826205685596675,1,0.008333333333333333
13121,4.780371336806947,1,0.008370535714285714
13122,4.7382019551796875,1,0.008351934523809524
13123,4.696653747861686,1,0.008351934523809524
13124,4.656016181168682,1,0.008314732142857143
13125,4.712610893340493,0,0.008314732142857143
13126,4.769560589542653,0,0.008314732142857143
13127,4.727682076756487,1,0.008314732142857143
13128,4.685612382506332,1,0.008314732142857143
13129,4.639075414190924,1,0.008277529761904762
13130,4.6949539601231525,0,0.008277529761904762
13131,4.750928691930331,0,0.008277529761904762
13132,4.7101935070869345,1,0.008258928571428572
13133,4.765817673425158,0,0.008258928571428572
13134,4.821558185331621,0,0.008258928571428572
13135,4.77931810463519,1,0.008240327380952381
13136,4.8358069332535365,0,0.008240327380952381
13137,4.892482974047796,0,0.008240327380952381
13138,4.830352420808253,1,0.00822172619047619
13139,4.886664574233664,0,0.00822172619047619
13140,4.943003947202516,0,0.00822172619047619
13141,4.999464198700002,0,0.00822172619047619
13142,5.0562261736308365,0,0.00822172619047619
13143,5.113183442834512,0,0.00822172619047619
13144,5.072211703242039,1,0.008203125
13145,4.933171094224997,2,0.008128720238095239
13146,4.990861527503892,0,0.008128720238095239
13147,4.950228198005146,1,0.00816592261904762
13148,5.008098855890458,0,0.00816592261904762
13149,4.968192083878052,1,0.00818452380952381
13150,5.026183763898908,0,0.00818452380952381
13151,4.986910594040238,1,0.00818452380952381
13152,5.040716685116622,0,0.00818452380952381
13153,5.001199740117664,1,0.008128720238095239
13154,5.05797694748229,0,0.008128720238095239
13155,5.016310868769823,1,0.008110119047619048
13156,5.073275073589921,0,0.008110119047619048
13157,5.130310631692492,0,0.008110119047619048
13158,5.187591545394792,0,0.008110119047619048
13159,5.245023362616535,0,0.008110119047619048
13160,5.204765151902662,1,0.00816592261904762
13161,5.2478621932967435,0,0.00816592261904762
13162,5.109464446791243,2,0.00816592261904762
13163,5.1670267229745015,0,0.00816592261904762
13164,5.224587366181656,0,0.00816592261904762
13165,5.183764000564114,1,0.008147321428571429
13166,5.139180670479354,1,0.00816592261904762
13167,5.09912149198601,1,0.008128720238095239
13168,5.058438878325787,1,0.008147321428571429
13169,5.017231720352833,1,0.00816592261904762
13170,4.879135662306259,2,0.00818452380952381
13171,4.839348568475517,1,0.00816592261904762
13172,4.801045950156257,1,0.00818452380952381
13173,4.760387621696762,1,0.00816592261904762
13174,4.621017121231871,2,0.00818452380952381
13175,4.67833956821298,0,0.00818452380952381
13176,4.6377520008078195,1,0.00816592261904762
13177,4.695652812241731,0,0.00816592261904762
13178,4.753656849116728,0,0.00816592261904762
13179,4.713338088727393,1,0.008147321428571429
13180,4.575465022631767,2,0.008128720238095239
13181,4.633575272233025,0,0.008128720238095239
13182,4.496091943172482,2,0.008072916666666667
13183,4.55441788337184,0,0.008072916666666667
13184,4.612783574203405,0,0.008072916666666667
13185,4.278469335076148,4,0.008110119047619048
13186,4.336937864114626,0,0.008110119047619048
13187,4.394430052679987,0,0.008110119047619048
13188,4.4524218496992525,0,0.008110119047619048
13189,4.5104128877728975,0,0.008110119047619048
13190,4.3670192271836825,2,0.008128720238095239
13191,4.42397517142979,0,0.008128720238095239
13192,4.480910122753259,0,0.008128720238095239
13193,4.537944823596058,0,0.008128720238095239
13194,4.496688444074116,1,0.008091517857142858
13195,4.554167599467174,0,0.008091517857142858
13196,4.516847756870195,1,0.008091517857142858
13197,4.574929539348695,0,0.008091517857142858
13198,4.5365642988748895,1,0.008128720238095239
13199,4.594953187369931,0,0.008128720238095239
13200,4.653401404433106,0,0.008128720238095239
13201,4.613907893013341,1,0.008110119047619048
13202,4.574161316052987,1,0.008128720238095239
13203,4.534277994154758,1,0.008072916666666667
13204,4.592272795274358,0,0.008072916666666667
13205,4.650426651295554,0,0.008072916666666667
13206,4.708698153170507,0,0.008072916666666667
13207,4.762410110944426,0,0.008072916666666667
13208,4.7231675397280295,1,0.008035714285714285
13209,4.781209540791763,0,0.008035714285714285
13210,4.839264435344926,0,0.008035714285714285
13211,4.79979571464055,1,0.008054315476190475
13212,4.857445516988197,0,0.008054315476190475
13213,4.914827920425942,0,0.008054315476190475
13214,4.77680276440918,2,0.007998511904761904
13215,4.729164782902064,1,0.007979910714285714
13216,4.589488785457199,2,0.007942708333333333
13217,4.5478565953599315,1,0.007942708333333333
13218,4.60482878037486,0,0.007942708333333333
13219,4.66188336763481,0,0.007942708333333333
13220,4.525923735241731,2,0.007942708333333333
13221,4.583247984124967,0,0.007942708333333333
13222,4.640738040662712,0,0.007942708333333333
13223,4.504256060260474,2,0.008035714285714285
13224,4.4635593664612125,1,0.008072916666666667
13225,4.521371514609307,0,0.008072916666666667
13226,4.575655350135287,0,0.008072916666666667
13227,4.529812533923519,1,0.008054315476190475
13228,4.490163709063191,1,0.008072916666666667
13229,4.547443790387312,0,0.008072916666666667
13230,4.505953572914038,1,0.008091517857142858
13231,4.563397849002231,0,0.008091517857142858
13232,4.522618013138685,1,0.008110119047619048
13233,4.482802496022531,1,0.008054315476190475
13234,4.442019832961503,1,0.008072916666666667
13235,4.401524198635972,1,0.008110119047619048
13236,4.45947073139074,0,0.008110119047619048
13237,4.513594812432587,0,0.008110119047619048
13238,4.571147860573502,0,0.008110119047619048
13239,4.530003774074116,1,0.008128720238095239
13240,4.586267657058076,0,0.008128720238095239
13241,4.642675653716446,0,0.008128720238095239
13242,4.602147072557754,1,0.00816592261904762
13243,4.564256881916362,1,0.00816592261904762
13244,4.620919112535564,0,0.00816592261904762
13245,4.67773670088877,0,0.00816592261904762
13246,4.729126126686057,0,0.00816592261904762
13247,4.785767116597061,0,0.00816592261904762
13248,4.646968149137271,2,0.008147321428571429
13249,4.703938082801696,0,0.008147321428571429
13250,4.659883527743509,1,0.008091517857142858
13251,4.618282584603753,1,0.008091517857142858
13252,4.674532613358869,0,0.008091517857142858
13253,4.633635803261638,1,0.008128720238095239
13254,4.591955673656828,1,0.008110119047619048
13255,4.648846645473726,0,0.008110119047619048
13256,4.705967029294724,0,0.008110119047619048
13257,4.567226150061368,2,0.008128720238095239
13258,4.5288433873598715,1,0.008110119047619048
13259,4.483459684699378,1,0.008110119047619048
13260,4.540739003769434,0,0.008110119047619048
13261,4.598057489103631,0,0.008110119047619048
13262,4.655401896653268,0,0.008110119047619048
13263,4.708040385394732,0,0.008110119047619048
13264,4.666637349777717,1,0.008091517857142858
13265,4.626834010233153,1,0.008072916666666667
13266,4.684175870630844,0,0.008072916666666667
13267,4.741535030044758,0,0.008072916666666667
13268,4.700550862037248,1,0.008017113095238095
13269,4.757676785562046,0,0.008017113095238095
13270,4.619440463701336,2,0.007998511904761904
13271,4.674163627007223,0,0.007998511904761904
13272,4.731366013920905,0,0.007998511904761904
13273,4.787480289542889,0,0.007998511904761904
13274,4.8444751095976,0,0.007998511904761904
13275,4.901612774668171,0,0.007998511904761904
13276,4.648675626560661,3,0.008017113095238095
13277,4.705512165611969,0,0.008017113095238095
13278,4.663995444632867,1,0.008017113095238095
13279,4.622490348414318,1,0.008054315476190475
13280,4.575430019538775,1,0.008072916666666667
13281,4.630369027582326,0,0.008072916666666667
13282,4.68665510251186,0,0.008072916666666667
13283,4.743502662777567,0,0.008072916666666667
13284,4.80067573300646,0,0.008072916666666667
13285,4.858052162429642,0,0.008072916666666667
13286,4.915558388613632,0,0.008072916666666667
13287,4.973148313229552,0,0.008072916666666667
13288,4.9323563283954375,1,0.008054315476190475
13289,4.886763277494289,1,0.008072916666666667
13290,4.845602406856323,1,0.008072916666666667
13291,4.89885580566829,0,0.008072916666666667
13292,4.9556378667179475,0,0.008072916666666667
13293,4.817440391003725,2,0.008072916666666667
13294,4.776012447300942,1,0.008091517857142858
13295,4.833391812853387,0,0.008091517857142858
13296,4.891035310710741,0,0.008091517857142858
13297,4.948819641856097,0,0.008091517857142858
13298,5.006734682506919,0,0.008091517857142858
13299,5.064686289054461,0,0.008091517857142858
13300,5.122652202487835,0,0.008091517857142858
13301,5.082193301274194,1,0.008147321428571429
13302,5.139558844696901,0,0.008147321428571429
13303,5.19695358236314,0,0.008147321428571429
13304,5.157075920568623,1,0.008110119047619048
13305,5.115943235855605,1,0.008110119047619048
13306,4.979852582098202,2,0.008072916666666667
13307,5.036560892861166,0,0.008072916666666667
13308,5.093591267849675,0,0.008072916666666667
13309,5.150763147870234,0,0.008072916666666667
13310,5.2080274930552655,0,0.008072916666666667
13311,4.969802867518552,3,0.008147321428571429
13312,4.8339097310261385,2,0.008128720238095239
13313,4.891838652124653,0,0.008128720238095239
13314,4.852098708366588,1,0.008072916666666667
13315,4.910244804764251,0,0.008072916666666667
13316,4.9684482723985095,0,0.008072916666666667
13317,5.026694457128314,0,0.008072916666666667
13318,5.082101899043409,0,0.008072916666666667
13319,5.13992072264252,0,0.008072916666666667
13320,5.197741461389608,0,0.008072916666666667
13321,5.15713410299607,1,0.008128720238095239
13322,5.214977268762461,0,0.008128720238095239
13323,5.177244911878701,1,0.008110119047619048
13324,5.2352288300800005,0,0.008110119047619048
13325,5.293312017485879,0,0.008110119047619048
13326,5.24702271799494,1,0.008091517857142858
13327,5.304773631433892,0,0.008091517857142858
13328,5.068545430269859,3,0.008017113095238095
13329,5.126542262800215,0,0.008017113095238095
13330,5.184539154610463,0,0.008017113095238095
13331,5.0464186226270025,2,0.008035714285714285
13332,5.1041519209995805,0,0.008035714285714285
13333,4.967702540362451,2,0.008054315476190475
13334,5.025605725325002,0,0.008054315476190475
13335,4.984784507694904,1,0.008072916666666667
13336,4.7515902320289145,3,0.008110119047619048
13337,4.710689288845553,1,0.00816592261904762
13338,4.670049539627041,1,0.008147321428571429
13339,4.628994020753786,1,0.00818452380952381
13340,4.5874723065224865,1,0.008147321428571429
13341,4.643876427753963,0,0.008147321428571429
13342,4.505058484121746,2,0.008110119047619048
13343,4.4643896779387395,1,0.008147321428571429
13344,4.519966748840481,0,0.008147321428571429
13345,4.472582874935081,1,0.00816592261904762
13346,4.429298729140191,1,0.00818452380952381
13347,4.484130296849341,0,0.00818452380952381
13348,4.342286131113846,2,0.008240327380952381
13349,4.39688033141715,0,0.008240327380952381
13350,4.256278698032125,2,0.008277529761904762
13351,4.212842753330777,1,0.008333333333333333
13352,4.168917653944319,1,0.008351934523809524
13353,4.2237123593494745,0,0.008351934523809524
13354,4.278917124645429,0,0.008351934523809524
13355,4.330835680449459,0,0.008351934523809524
13356,4.28790339658635,1,0.008389136904761904
13357,4.343619861485637,0,0.008389136904761904
13358,4.3994941599169355,0,0.008389136904761904
13359,4.4554883345833725,0,0.008389136904761904
13360,4.413214909312951,1,0.008426339285714285
13361,4.466867717339849,0,0.008426339285714285
13362,4.42179395831952,1,0.008444940476190476
13363,4.477554470510326,0,0.008444940476190476
13364,4.337893305109856,2,0.008426339285714285
13365,4.294633052425495,1,0.008407738095238095
13366,4.350268787623096,0,0.008407738095238095
13367,4.401070978722256,0,0.008407738095238095
13368,4.457316961021272,0,0.008407738095238095
13369,4.507596322633254,0,0.008407738095238095
13370,4.465806871784342,1,0.008389136904761904
13371,4.522074738746557,0,0.008389136904761904
13372,4.578536096652082,0,0.008389136904761904
13373,4.635258852024481,0,0.008389136904761904
13374,4.5938666025346615,1,0.008444940476190476
13375,4.651256401602276,0,0.008444940476190476
13376,4.708790053228166,0,0.008444940476190476
13377,4.663891612472378,1,0.008463541666666666
13378,4.719252671345671,0,0.008463541666666666
13379,4.775511817918851,0,0.008463541666666666
13380,4.832232554565619,0,0.008463541666666666
13381,4.790496661324789,1,0.008500744047619047
13382,4.6518430403866375,2,0.008482142857142856
13383,4.610865952317518,1,0.008537946428571428
13384,4.668218642129961,0,0.008537946428571428
13385,4.615040475518144,1,0.008500744047619047
13386,4.57328841444039,1,0.008500744047619047
13387,4.630153423385766,0,0.008500744047619047
13388,4.687148393255568,0,0.008500744047619047
13389,4.548057353799205,2,0.008500744047619047
13390,4.604999327698511,0,0.008500744047619047
13391,4.662095290812892,0,0.008500744047619047
13392,4.61779944241311,1,0.008500744047619047
13393,4.479413354062641,2,0.008500744047619047
13394,4.331636211413256,2,0.008500744047619047
13395,4.375684253064572,0,0.008500744047619047
13396,4.332504476045414,1,0.008482142857142856
13397,4.387810624447193,0,0.008482142857142856
13398,4.3448613972977395,1,0.008519345238095237
13399,4.3017824438890635,1,0.00855654761904762
13400,4.158142854552077,2,0.00855654761904762
13401,4.213486978403205,0,0.00855654761904762
13402,4.268981000884978,0,0.00855654761904762
13403,4.324783140872334,0,0.00855654761904762
13404,4.380723341969575,0,0.00855654761904762
13405,4.436784887708241,0,0.00855654761904762
13406,4.49307072584642,0,0.00855654761904762
13407,4.549502763630196,0,0.00855654761904762
13408,4.507689539419266,1,0.00857514880952381
13409,4.564337531255854,0,0.00857514880952381
13410,4.621032610970257,0,0.00857514880952381
13411,4.677775465610879,0,0.00857514880952381
13412,4.734626298033375,0,0.00857514880952381
13413,4.791586573209127,0,0.00857514880952381
13414,4.653412694405821,2,0.008612351190476191
13415,4.705974821986106,0,0.008612351190476191
13416,4.664379416881309,1,0.008630952380952382
13417,4.721261950897768,0,0.008630952380952382
13418,4.680510983015041,1,0.008630952380952382
13419,4.737011712174583,0,0.008630952380952382
13420,4.793826955009098,0,0.008630952380952382
13421,4.753436930267892,1,0.008668154761904762
13422,4.810791462145229,0,0.008668154761904762
13423,4.672060657283559,2,0.00859375
13424,4.634087526361254,1,0.008537946428571428
13425,4.495695041233087,2,0.008537946428571428
13426,4.551640313420483,0,0.008537946428571428
13427,4.591826053376892,0,0.008537946428571428
13428,4.648264635745585,0,0.008537946428571428
13429,4.606758847521395,1,0.008482142857142856
13430,4.663310998991261,0,0.008482142857142856
13431,4.720034105317117,0,0.008482142857142856
13432,4.6662318896630355,1,0.008463541666666666
13433,4.723157490255037,0,0.008463541666666666
13434,4.780215892113218,0,0.008463541666666666
13435,4.837356399535495,0,0.008463541666666666
13436,4.691412666150038,2,0.008482142857142856
13437,4.748469680708607,0,0.008482142857142856
13438,4.708519437687758,1,0.008463541666666666
13439,4.765911594573256,0,0.008463541666666666
13440,4.823401805832643,0,0.008463541666666666
13441,4.783243944948085,1,0.008463541666666666
13442,4.643808947744968,2,0.008500744047619047
13443,4.701178420064041,0,0.008500744047619047
13444,4.56183642353772,2,0.008519345238095237
13445,4.518849517769266,1,0.008482142857142856
13446,4.477243212425983,1,0.008463541666666666
13447,4.53366871535605,0,0.008463541666666666
13448,4.590061888205493,0,0.008463541666666666
13449,4.545563654675525,1,0.008463541666666666
13450,4.593913577475803,0,0.008463541666666666
13451,4.649921126094619,0,0.008463541666666666
13452,4.6973116199842275,0,0.008463541666666666
13453,4.752715290773909,0,0.008463541666666666
13454,4.808208495303231,0,0.008463541666666666
13455,4.7465145672188465,1,0.008500744047619047
13456,4.605247362540721,2,0.008500744047619047
13457,4.661240358753818,0,0.008500744047619047
13458,4.717647741369763,0,0.008500744047619047
13459,4.479873588049436,3,0.008482142857142856
13460,4.441064370899633,1,0.008444940476190476
13461,4.498194349967977,0,0.008444940476190476
13462,4.555431148537997,0,0.008444940476190476
13463,4.515962268608916,1,0.008463541666666666
13464,4.5734089773358315,0,0.008463541666666666
13465,4.630887699190111,0,0.008463541666666666
13466,4.688446971154939,0,0.008463541666666666
13467,4.746020354417576,0,0.008463541666666666
13468,4.803595540816421,0,0.008463541666666666
13469,4.860619204786028,0,0.008463541666666666
13470,4.819568326546391,1,0.008482142857142856
13471,4.8768385564668275,0,0.008482142857142856
13472,4.835780028495241,1,0.008444940476190476
13473,4.794736391561614,1,0.008500744047619047
13474,4.852298054594203,0,0.008500744047619047
13475,4.909913785561913,0,0.008500744047619047
13476,4.9675728034886015,0,0.008500744047619047
13477,4.719429217759663,3,0.008519345238095237
13478,4.678134944905062,1,0.00855654761904762
13479,4.735254421806822,0,0.00855654761904762
13480,4.792350559027916,0,0.00855654761904762
13481,4.849417182476146,0,0.00855654761904762
13482,4.8092260532267685,1,0.008612351190476191
13483,4.862128248530038,0,0.008612351190476191
13484,4.9174525420136925,0,0.008612351190476191
13485,4.973580097391294,0,0.008612351190476191
13486,5.030103045036661,0,0.008612351190476191
13487,4.893136028232138,2,0.008612351190476191
13488,4.854751629925148,1,0.008649553571428572
13489,4.912042566528935,0,0.008649553571428572
13490,4.967044767769154,0,0.008649553571428572
13491,4.925565883642227,1,0.008705357142857143
13492,4.884058201440172,1,0.008668154761904762
13493,4.84294012202947,1,0.008630952380952382
13494,4.703043466382099,2,0.008668154761904762
13495,4.66141499146989,1,0.008668154761904762
13496,4.718690414914475,0,0.008668154761904762
13497,4.677603602240159,1,0.008668154761904762
13498,4.63717306039272,1,0.008686755952380953
13499,4.59595262171565,1,0.008686755952380953
13500,4.555436871276,1,0.008649553571428572
13501,4.6128008985003195,0,0.008649553571428572
13502,4.376795588239794,3,0.008612351190476191
13503,4.336192379579195,1,0.008612351190476191
13504,4.394064351339022,0,0.008612351190476191
13505,4.451973442512316,0,0.008612351190476191
13506,4.509911718284805,0,0.008612351190476191
13507,4.470034646648539,1,0.008612351190476191
13508,4.429633049219185,1,0.008612351190476191
13509,4.487711524388481,0,0.008612351190476191
13510,4.545808179180679,0,0.008612351190476191
13511,4.603919676915507,0,0.008612351190476191
13512,4.662043375547179,0,0.008612351190476191
13513,4.720175326819621,0,0.008612351190476191
13514,4.679888035578609,1,0.00859375
13515,4.7378208403663935,0,0.00859375
13516,4.600431141318931,2,0.008537946428571428
13517,4.562937732727373,1,0.008500744047619047
13518,4.522732660682592,1,0.008519345238095237
13519,4.580629824775746,0,0.008519345238095237
13520,4.638861900467684,0,0.008519345238095237
13521,4.502978397284278,2,0.008426339285714285
13522,4.56137506870666,0,0.008426339285714285
13523,4.613488427814715,0,0.008426339285714285
13524,4.671506546110836,0,0.008426339285714285
13525,4.729519269208638,0,0.008426339285714285
13526,4.787520384150236,0,0.008426339285714285
13527,4.845504682822842,0,0.008426339285714285
13528,4.903467774327629,0,0.008426339285714285
13529,4.961461691867858,0,0.008426339285714285
13530,4.82283429825593,2,0.008463541666666666
13531,4.781735924563527,1,0.008519345238095237
13532,4.743809665834761,1,0.008500744047619047
13533,4.801087836894876,0,0.008500744047619047
13534,4.858439757189901,0,0.008500744047619047
13535,4.721450505104244,2,0.008500744047619047
13536,4.7787270356655185,0,0.008500744047619047
13537,4.738434371946226,1,0.008537946428571428
13538,4.796003199842619,0,0.008537946428571428
13539,4.853623596288266,0,0.008537946428571428
13540,4.618000013171902,3,0.008444940476190476
13541,4.675192545305496,0,0.008444940476190476
13542,4.732413044580768,0,0.008444940476190476
13543,4.581945840707074,2,0.008407738095238095
13544,4.63842509851006,0,0.008407738095238095
13545,4.694908601214055,0,0.008407738095238095
13546,4.653590819373384,1,0.008407738095238095
13547,4.7051662303509865,0,0.008407738095238095
13548,4.564488129062486,2,0.008426339285714285
13549,4.6202499587563315,0,0.008426339285714285
13550,4.676246656366272,0,0.008426339285714285
13551,4.536367557220327,2,0.008389136904761904
13552,4.592114335507573,0,0.008389136904761904
13553,4.648180195567195,0,0.008389136904761904
13554,4.704475082549957,0,0.008389136904761904
13555,4.6625776703374795,1,0.008370535714285714
13556,4.719333762290854,0,0.008370535714285714
13557,4.679589047279707,1,0.008351934523809524
13558,4.540560184799715,2,0.008314732142857143
13559,4.500187403701613,1,0.008333333333333333
13560,4.557787927398304,0,0.008333333333333333
13561,4.612725259725571,0,0.008333333333333333
13562,4.571622051918629,1,0.008389136904761904
13563,4.533561865885627,1,0.008351934523809524
13564,4.580903705422523,0,0.008351934523809524
13565,4.634332241838624,0,0.008351934523809524
13566,4.594610796530488,1,0.008314732142857143
13567,4.651422403303173,0,0.008314732142857143
13568,4.611748132422778,1,0.008333333333333333
13569,4.668169175303617,0,0.008333333333333333
13570,4.724806504676805,0,0.008333333333333333
13571,4.684608115874381,1,0.008333333333333333
13572,4.7408890808499216,0,0.008333333333333333
13573,4.79736092400446,0,0.008333333333333333
13574,4.755547958090596,1,0.008296130952380952
13575,4.812298981604211,0,0.008296130952380952
13576,4.869130838258506,0,0.008296130952380952
13577,4.82914616477216,1,0.008314732142857143
13578,4.885867650436335,0,0.008314732142857143
13579,4.942689504749725,0,0.008314732142857143
13580,4.899894484468881,1,0.008314732142857143
13581,4.955850782285496,0,0.008314732142857143
13582,4.913619639699695,1,0.008333333333333333
13583,4.872207974527146,1,0.008277529761904762
13584,4.833328122261802,1,0.008258928571428572
13585,4.889761043050998,0,0.008258928571428572
13586,4.946374870538719,0,0.008258928571428572
13587,4.990394396711061,0,0.008258928571428572
13588,4.849950864142657,2,0.00818452380952381
13589,4.800565655687028,1,0.008203125
13590,4.75326773440488,1,0.008203125
13591,4.808464092617258,0,0.008203125
13592,4.670446059036413,2,0.008203125
13593,4.7250461969130155,0,0.008203125
13594,4.779936493164636,0,0.008203125
13595,4.73378556221044,1,0.00822172619047619
13596,4.692961351695295,1,0.00816592261904762
13597,4.7407826531521895,0,0.00816592261904762
13598,4.697613607538208,1,0.00818452380952381
13599,4.752709062242441,0,0.00818452380952381
13600,4.80793558608455,0,0.00818452380952381
13601,4.863371058682385,0,0.00818452380952381
13602,4.723286571605902,2,0.008203125
13603,4.682215024398045,1,0.00818452380952381
13604,4.6391510958002895,1,0.008203125
13605,4.694323317880007,0,0.008203125
13606,4.749629225424604,0,0.008203125
13607,4.805248824329954,0,0.008203125
13608,4.762531522153714,1,0.00822172619047619
13609,4.814763263892389,0,0.00822172619047619
13610,4.870145564740342,0,0.00822172619047619
13611,4.925552882437956,0,0.00822172619047619
13612,4.980976353669673,0,0.00822172619047619
13613,4.939283165929291,1,0.008258928571428572
13614,4.895591023437434,1,0.008277529761904762
13615,4.8524060729436505,1,0.008296130952380952
13616,4.907793183907054,0,0.008296130952380952
13617,4.963250730249752,0,0.008296130952380952
13618,4.925315629081496,1,0.008240327380952381
13619,4.9808838697377835,0,0.008240327380952381
13620,5.036466358122433,0,0.008240327380952381
13621,4.8986230021677155,2,0.00816592261904762
13622,4.85602552157348,1,0.008147321428571429
13623,4.813259097708606,1,0.008147321428571429
13624,4.86935589884758,0,0.008147321428571429
13625,4.827080951390164,1,0.00816592261904762
13626,4.6871067420592025,2,0.00816592261904762
13627,4.645535597012409,1,0.008147321428571429
13628,4.603971375919028,1,0.008128720238095239
13629,4.555178393435294,1,0.00816592261904762
13630,4.5152630265877605,1,0.00818452380952381
13631,4.570970379464325,0,0.00818452380952381
13632,4.626772494772778,0,0.00818452380952381
13633,4.682644556266528,0,0.00818452380952381
13634,4.738565982238475,0,0.00818452380952381
13635,4.789984176076053,0,0.00818452380952381
13636,4.747165501494668,1,0.008203125
13637,4.803307757820826,0,0.008203125
13638,4.859449662906428,0,0.008203125
13639,4.715656193661755,2,0.00822172619047619
13640,4.771011569144174,0,0.00822172619047619
13641,4.826579607548979,0,0.00822172619047619
13642,4.784503434181964,1,0.00818452380952381
13643,4.643493820047574,2,0.00818452380952381
13644,4.603453575816942,1,0.00822172619047619
13645,4.561080860813019,1,0.00818452380952381
13646,4.616890543952202,0,0.00818452380952381
13647,4.579706115813653,1,0.00816592261904762
13648,4.537346907576936,1,0.008147321428571429
13649,4.593499281459408,0,0.008147321428571429
13650,4.646011771544908,0,0.008147321428571429
13651,4.701745456192206,0,0.008147321428571429
13652,4.659639624995051,1,0.008128720238095239
13653,4.616454751915698,1,0.008128720238095239
13654,4.573521261653592,1,0.008110119047619048
13655,4.629265167446195,0,0.008110119047619048
13656,4.685286068092214,0,0.008110119047619048
13657,4.741482435284229,0,0.008110119047619048
13658,4.797794144772838,0,0.008110119047619048
13659,4.561467065607882,3,0.008128720238095239
13660,4.421329185858178,2,0.008128720238095239
13661,4.379811966413084,1,0.008147321428571429
13662,4.436228981817069,0,0.008147321428571429
13663,4.394288448327177,1,0.008128720238095239
13664,4.349710254713503,1,0.00818452380952381
13665,4.307029063867376,1,0.00822172619047619
13666,4.264499647267034,1,0.00822172619047619
13667,4.320501920007005,0,0.00822172619047619
13668,4.278271128866349,1,0.008240327380952381
13669,4.040017637793608,3,0.00816592261904762
13670,4.0967774779273185,0,0.00816592261904762
13671,4.153703549440325,0,0.00816592261904762
13672,4.210745244789977,0,0.00816592261904762
13673,4.071427312525763,2,0.008147321428571429
13674,4.127484810056179,0,0.008147321428571429
13675,4.183586925444138,0,0.008147321428571429
13676,4.132616413783078,1,0.008110119047619048
13677,4.184142689202417,0,0.008110119047619048
13678,4.238940001044202,0,0.008110119047619048
13679,4.2938199386218265,0,0.008110119047619048
13680,4.348753922683528,0,0.008110119047619048
13681,4.403838545868625,0,0.008110119047619048
13682,4.3611678218649725,1,0.008128720238095239
13683,4.317121073243713,1,0.008128720238095239
13684,4.271493373645127,1,0.008147321428571429
13685,4.325290850990021,0,0.008147321428571429
13686,4.379789535980695,0,0.008147321428571429
13687,4.141252635591394,3,0.008110119047619048
13688,4.193018490229772,0,0.008110119047619048
13689,4.248089391506556,0,0.008110119047619048
13690,4.303383124538167,0,0.008110119047619048
13691,4.358965361151335,0,0.008110119047619048
13692,4.399044500324348,0,0.008110119047619048
13693,4.454170671127491,0,0.008110119047619048
13694,4.509313433766279,0,0.008110119047619048
13695,4.564461984357244,0,0.008110119047619048
13696,4.521958161590314,1,0.008091517857142858
13697,4.573608965388493,0,0.008091517857142858
13698,4.530836847149248,1,0.008091517857142858
13699,4.49010113388377,1,0.008072916666666667
13700,4.44826097600296,1,0.008054315476190475
13701,4.405922371424647,1,0.008035714285714285
13702,4.4622390755648835,0,0.008035714285714285
13703,4.421846330639974,1,0.007998511904761904
13704,4.478986121257251,0,0.007998511904761904
13705,4.536274544767839,0,0.007998511904761904
13706,4.4951208434224945,1,0.008054315476190475
13707,4.546140629847004,0,0.008054315476190475
13708,4.504948319390026,1,0.008035714285714285
13709,4.463544070472223,1,0.007998511904761904
13710,4.520630031213503,0,0.007998511904761904
13711,4.577745485056433,0,0.007998511904761904
13712,4.63178270148435,0,0.007998511904761904
13713,4.68735443100815,0,0.007998511904761904
13714,4.545894370772466,2,0.007961309523809523
13715,4.504342062171236,1,0.007924107142857142
13716,4.56098781580974,0,0.007924107142857142
13717,4.519374146827449,1,0.007942708333333333
13718,4.576328989317781,0,0.007942708333333333
13719,4.6334091879799715,0,0.007942708333333333
13720,4.69071000985648,0,0.007942708333333333
13721,4.649722808280702,1,0.007979910714285714
13722,4.609943111611406,1,0.007998511904761904
13723,4.5691699098483785,1,0.008035714285714285
13724,4.527929884630963,1,0.008072916666666667
13725,4.486930612218608,1,0.008072916666666667
13726,4.544460939310965,0,0.008072916666666667
13727,4.504219819837681,1,0.008072916666666667
13728,4.463473800884263,1,0.008035714285714285
13729,4.422889696740644,1,0.008017113095238095
13730,4.480763505913056,0,0.008017113095238095
13731,4.538655957384212,0,0.008017113095238095
13732,4.596645575866194,0,0.008017113095238095
13733,4.6547327018230185,0,0.008017113095238095
13734,4.7128885122417765,0,0.008017113095238095
13735,4.771092264568859,0,0.008017113095238095
13736,4.72766870786349,1,0.008017113095238095
13737,4.68723080091002,1,0.008017113095238095
13738,4.640779328860393,1,0.007979910714285714
13739,4.600022254127775,1,0.007979910714285714
13740,4.558051380989739,1,0.007961309523809523
13741,4.614879910000919,0,0.007961309523809523
13742,4.671876039839741,0,0.007961309523809523
13743,4.72905591794179,0,0.007961309523809523
13744,4.786404187035017,0,0.007961309523809523
13745,4.843855825247194,0,0.007961309523809523
13746,4.803841238264148,1,0.007942708333333333
13747,4.76391391355015,1,0.007942708333333333
13748,4.822228182436649,0,0.007942708333333333
13749,4.782170558412817,1,0.007979910714285714
13750,4.84056214357916,0,0.007979910714285714
13751,4.898974051043726,0,0.007979910714285714
13752,4.957394483210811,0,0.007979910714285714
13753,5.015815268258172,0,0.007979910714285714
13754,4.8773814291579,2,0.007961309523809523
13755,4.935830863659785,0,0.007961309523809523
13756,4.8958439608162685,1,0.007924107142857142
13757,4.850388282502559,1,0.007868303571428571
13758,4.908642984571078,0,0.007868303571428571
13759,4.966880992897506,0,0.007868303571428571
13760,5.025099549423013,0,0.007868303571428571
13761,4.984895577559717,1,0.007868303571428571
13762,4.944698484684033,1,0.007924107142857142
13763,4.906697504730535,1,0.007961309523809523
13764,4.965540681685169,0,0.007961309523809523
13765,4.926861864314188,1,0.007961309523809523
13766,4.888136960302689,1,0.008017113095238095
13767,4.947050419877805,0,0.008017113095238095
13768,4.907517490800991,1,0.007998511904761904
13769,4.96642014123659,0,0.007998511904761904
13770,4.830026056173268,2,0.007961309523809523
13771,4.888945369636467,0,0.007961309523809523
13772,4.849725781855795,1,0.007961309523809523
13773,4.908258082343062,0,0.007961309523809523
13774,4.868405240446401,1,0.007905505952380952
13775,4.926376477686459,0,0.007905505952380952
13776,4.984342500111992,0,0.007905505952380952
13777,5.0422997274213746,0,0.007905505952380952
13778,5.08957943103878,0,0.007905505952380952
13779,5.147248650582322,0,0.007905505952380952
13780,5.106529728411594,1,0.007942708333333333
13781,5.065891092888148,1,0.007979910714285714
13782,5.123743134698024,0,0.007979910714285714
13783,5.181649578386515,0,0.007979910714285714
13784,5.14130806742533,1,0.007998511904761904
13785,5.102106855417774,1,0.008035714285714285
13786,5.064770482580286,1,0.008035714285714285
13787,4.926102469762358,2,0.008072916666666667
13788,4.984327156880823,0,0.008072916666666667
13789,4.844674989167404,2,0.00816592261904762
13790,4.901450737541094,0,0.00816592261904762
13791,4.95828808639315,0,0.00816592261904762
13792,4.916766499087352,1,0.00816592261904762
13793,4.873094710558754,1,0.008128720238095239
13794,4.732816079912549,2,0.00818452380952381
13795,4.691275145272339,1,0.008147321428571429
13796,4.74771172562208,0,0.008147321428571429
13797,4.803523767196204,0,0.008147321428571429
13798,4.859840294789214,0,0.008147321428571429
13799,4.906295977891979,0,0.008147321428571429
13800,4.866016530674703,1,0.008128720238095239
13801,4.825444954125212,1,0.008110119047619048
13802,4.784245463953056,1,0.008110119047619048
13803,4.8409466581475495,0,0.008110119047619048
13804,4.897671578656965,0,0.008110119047619048
13805,4.856351283839338,1,0.008091517857142858
13806,4.9134997175421145,0,0.008091517857142858
13807,4.970692678624514,0,0.008091517857142858
13808,4.9305355745671555,1,0.008072916666666667
13809,4.79049535874066,2,0.008072916666666667
13810,4.7489567624999935,1,0.008054315476190475
13811,4.707540753404767,1,0.008091517857142858
13812,4.7647424380231636,0,0.008091517857142858
13813,4.815961849046883,0,0.008091517857142858
13814,4.676442432291254,2,0.008072916666666667
13815,4.733575246379821,0,0.008072916666666667
13816,4.790896536836654,0,0.008072916666666667
13817,4.751915753039874,1,0.008072916666666667
13818,4.809076531528686,0,0.008072916666666667
13819,4.863678079455253,0,0.008072916666666667
13820,4.822181388214664,1,0.008110119047619048
13821,4.781219759592045,1,0.008110119047619048
13822,4.8384399633126804,0,0.008110119047619048
13823,4.895684629503775,0,0.008110119047619048
13824,4.757824262226737,2,0.008110119047619048
13825,4.614642962985613,2,0.008147321428571429
13826,4.572342594423046,1,0.008110119047619048
13827,4.628284256689451,0,0.008110119047619048
13828,4.684463204189246,0,0.008110119047619048
13829,4.740867489722694,0,0.008110119047619048
13830,4.6990751116712985,1,0.008054315476190475
13831,4.657601146691681,1,0.008035714285714285
13832,4.7147703105615735,0,0.008035714285714285
13833,4.67081051910452,1,0.007998511904761904
13834,4.629954978356811,1,0.008017113095238095
13835,4.391798634578547,3,0.008147321428571429
13836,4.448541975301918,0,0.008147321428571429
13837,4.505382468027933,0,0.008147321428571429
13838,4.558644716945152,0,0.008147321428571429
13839,4.613421442303325,0,0.008147321428571429
13840,4.567697550796844,1,0.008203125
13841,4.6238053380952975,0,0.008203125
13842,4.581178216498871,1,0.008203125
13843,4.538996128341816,1,0.008240327380952381
13844,4.595097055435272,0,0.008240327380952381
13845,4.651511075949918,0,0.008240327380952381
13846,4.708249120117292,0,0.008240327380952381
13847,4.765183994895911,0,0.008240327380952381
13848,4.62740711466072,2,0.00822172619047619
13849,4.585911411943545,1,0.00822172619047619
13850,4.643066826822094,0,0.00822172619047619
13851,4.700445618238256,0,0.00822172619047619
13852,4.757868168673378,0,0.00822172619047619
13853,4.619388757747663,2,0.008258928571428572
13854,4.676996811669706,0,0.008258928571428572
13855,4.734614187017888,0,0.008258928571428572
13856,4.792233506894512,0,0.008258928571428572
13857,4.7532045832667995,1,0.008258928571428572
13858,4.810481927543747,0,0.008258928571428572
13859,4.867948802641971,0,0.008258928571428572
13860,4.925540955977976,0,0.008258928571428572
13861,4.983217354950949,0,0.008258928571428572
13862,4.944718398221276,1,0.008296130952380952
13863,5.002635915256312,0,0.008296130952380952
13864,4.962226274129103,1,0.008277529761904762
13865,4.8237811451032435,2,0.008296130952380952
13866,4.688023850717595,2,0.008296130952380952
13867,4.647445192889836,1,0.008296130952380952
13868,4.7047261715021556,0,0.008296130952380952
13869,4.758297505746055,0,0.008296130952380952
13870,4.618049193577661,2,0.008314732142857143
13871,4.674370072251677,0,0.008314732142857143
13872,4.633873469683943,1,0.008333333333333333
13873,4.6905073756928894,0,0.008333333333333333
13874,4.648793739297499,1,0.008351934523809524
13875,4.510637172628909,2,0.008314732142857143
13876,4.5670111437119125,0,0.008314732142857143
13877,4.623512454055595,0,0.008314732142857143
13878,4.673788631404943,0,0.008314732142857143
13879,4.729579150303573,0,0.008314732142857143
13880,4.687070780958904,1,0.008351934523809524
13881,4.547156093123536,2,0.008426339285714285
13882,4.603134861921015,0,0.008426339285714285
13883,4.561335959813137,1,0.008389136904761904
13884,4.520230637678651,1,0.008407738095238095
13885,4.56541198494162,0,0.008407738095238095
13886,4.621297699667795,0,0.008407738095238095
13887,4.578792512201101,1,0.008407738095238095
13888,4.536496652224136,1,0.008444940476190476
13889,4.495708840940912,1,0.008407738095238095
13890,4.3572532268917925,2,0.008351934523809524
13891,4.412796812245293,0,0.008351934523809524
13892,4.468447090639114,0,0.008351934523809524
13893,4.42218953859046,1,0.008407738095238095
13894,4.377716633089397,1,0.008426339285714285
13895,4.333916365074382,1,0.008482142857142856
13896,4.389102226045018,0,0.008482142857142856
13897,4.443365987156603,0,0.008482142857142856
13898,4.498881142824561,0,0.008482142857142856
13899,4.549662936314621,0,0.008482142857142856
13900,4.605122268720857,0,0.008482142857142856
13901,4.658824484692892,0,0.008482142857142856
13902,4.5195139363037145,2,0.00855654761904762
13903,4.476753913054347,1,0.008519345238095237
13904,4.434380918437641,1,0.00855654761904762
13905,4.490727841939357,0,0.00855654761904762
13906,4.448858216801863,1,0.00857514880952381
13907,4.504993133153526,0,0.00857514880952381
13908,4.561349676478099,0,0.00857514880952381
13909,4.618083915322855,0,0.00857514880952381
13910,4.658076185344584,0,0.00857514880952381
13911,4.70855760561978,0,0.00857514880952381
13912,4.569281060430899,2,0.008537946428571428
13913,4.529247888055289,1,0.00857514880952381
13914,4.585859412974164,0,0.00857514880952381
13915,4.642757265439049,0,0.00857514880952381
13916,4.60220787566753,1,0.008537946428571428
13917,4.562256513511398,1,0.008537946428571428
13918,4.619660771282622,0,0.008537946428571428
13919,4.677234946074688,0,0.008537946428571428
13920,4.636528851953424,1,0.00855654761904762
13921,4.694392261547247,0,0.00855654761904762
13922,4.653896723933374,1,0.00859375
13923,4.613456593904173,1,0.008612351190476191
13924,4.6715399425903135,0,0.008612351190476191
13925,4.729658877750247,0,0.008612351190476191
13926,4.787806978089472,0,0.008612351190476191
13927,4.649943378591731,2,0.00855654761904762
13928,4.704657528835757,0,0.00855654761904762
13929,4.662053102999957,1,0.008500744047619047
13930,4.619928723971629,1,0.008500744047619047
13931,4.58072615356377,1,0.008482142857142856
13932,4.537778849062741,1,0.008444940476190476
13933,4.495453058167797,1,0.008407738095238095
13934,4.5512489842479775,0,0.008407738095238095
13935,4.607250950025676,0,0.008407738095238095
13936,4.46663160467695,2,0.008463541666666666
13937,4.519918893482813,0,0.008463541666666666
13938,4.557059694711394,0,0.008463541666666666
13939,4.612046076991219,0,0.008463541666666666
13940,4.667052251585155,0,0.008463541666666666
13941,4.718163861847337,0,0.008463541666666666
13942,4.772506893577832,0,0.008463541666666666
13943,4.827001274834388,0,0.008463541666666666
13944,4.881888993804882,0,0.008463541666666666
13945,4.937078090113002,0,0.008463541666666666
13946,4.894107309078445,1,0.008463541666666666
13947,4.851496311181202,1,0.008444940476190476
13948,4.808318927271058,1,0.008500744047619047
13949,4.8618186523039,0,0.008500744047619047
13950,4.720806761273949,2,0.008519345238095237
13951,4.775854618109003,0,0.008519345238095237
13952,4.734359440037869,1,0.00855654761904762
13953,4.691133408349974,1,0.008519345238095237
13954,4.746434970724241,0,0.008519345238095237
13955,4.703425900135832,1,0.008500744047619047
13956,4.7590546841585954,0,0.008500744047619047
13957,4.799603823455139,0,0.008500744047619047
13958,4.75670670685298,1,0.008519345238095237
13959,4.518542829272078,3,0.008500744047619047
13960,4.573635422691687,0,0.008500744047619047
13961,4.530795341663908,1,0.008500744047619047
13962,4.586304464663624,0,0.008500744047619047
13963,4.641945925810184,0,0.008500744047619047
13964,4.697676951517906,0,0.008500744047619047
13965,4.753555005358496,0,0.008500744047619047
13966,4.711277797370277,1,0.008500744047619047
13967,4.669021061099265,1,0.008500744047619047
13968,4.724705708396163,0,0.008500744047619047
13969,4.780455594011176,0,0.008500744047619047
13970,4.738523130592757,1,0.008500744047619047
13971,4.696964593950037,1,0.008500744047619047
13972,4.65417076378896,1,0.008537946428571428
13973,4.709638781754216,0,0.008537946428571428
13974,4.765126454279573,0,0.008537946428571428
13975,4.623778713088463,2,0.008482142857142856
13976,4.58047541365424,1,0.008500744047619047
13977,4.532603007576714,1,0.008463541666666666
13978,4.5873096455169495,0,0.008463541666666666
13979,4.642060980296761,0,0.008463541666666666
13980,4.594218553207089,1,0.008444940476190476
13981,4.648937242933227,0,0.008444940476190476
13982,4.703728980148815,0,0.008444940476190476
13983,4.758637642385986,0,0.008444940476190476
13984,4.8134110834326025,0,0.008444940476190476
13985,4.7714053190584504,1,0.008463541666666666
13986,4.630101023018179,2,0.008444940476190476
13987,4.480760575320865,2,0.008426339285714285
13988,4.534772053822038,0,0.008426339285714285
13989,4.588889859057335,0,0.008426339285714285
13990,4.5427659321721,1,0.008370535714285714
13991,4.596140118069498,0,0.008370535714285714
13992,4.551183562034598,1,0.008389136904761904
13993,4.604855075699964,0,0.008389136904761904
13994,4.658738830028828,0,0.008389136904761904
13995,4.712798209195691,0,0.008389136904761904
13996,4.6694638222498925,1,0.008407738095238095
13997,4.428244244544691,3,0.008482142857142856
13998,4.48226494752226,0,0.008482142857142856
13999,4.536435086507172,0,0.008482142857142856
14000,4.4923327008439635,1,0.008463541666666666
14001,4.349982182502508,2,0.008426339285714285
14002,4.401928616017948,0,0.008426339285714285
14003,4.456283949534208,0,0.008426339285714285
14004,4.510733982291928,0,0.008426339285714285
14005,4.565288095306086,0,0.008426339285714285
14006,4.521500624702991,1,0.008370535714285714
14007,4.576237279566506,0,0.008370535714285714
14008,4.53264549304847,1,0.008351934523809524
14009,4.3920919684529816,2,0.008333333333333333
14010,4.4361278210391,0,0.008333333333333333
14011,4.49079628875044,0,0.008333333333333333
14012,4.545497383345877,0,0.008333333333333333
14013,4.502454111663521,1,0.008296130952380952
14014,4.4576075987471055,1,0.008314732142857143
14015,4.219192919574383,3,0.008351934523809524
14016,4.2675501473711694,0,0.008351934523809524
14017,4.32137748782978,0,0.008351934523809524
14018,4.375298204009145,0,0.008351934523809524
14019,4.233863981791618,2,0.008370535714285714
14020,4.282723307688312,0,0.008370535714285714
14021,4.336288402135676,0,0.008370535714285714
14022,4.293936258404247,1,0.008333333333333333
14023,4.3477056966815875,0,0.008333333333333333
14024,4.3994251133273305,0,0.008333333333333333
14025,4.453122667499462,0,0.008333333333333333
14026,4.506852887425924,0,0.008333333333333333
14027,4.560755602867264,0,0.008333333333333333
14028,4.516401345745035,1,0.008277529761904762
14029,4.570664677215862,0,0.008277529761904762
14030,4.526710759536088,1,0.008314732142857143
14031,4.3850226811420985,2,0.008314732142857143
14032,4.439790144566783,0,0.008314732142857143
14033,4.488590307093557,0,0.008314732142857143
14034,4.543398222112,0,0.008314732142857143
14035,4.598248236759353,0,0.008314732142857143
14036,4.5548854313992,1,0.008333333333333333
14037,4.610089557885785,0,0.008333333333333333
14038,4.567501079403973,1,0.008370535714285714
14039,4.622196402029732,0,0.008370535714285714
14040,4.578313233462827,1,0.008426339285714285
14041,4.534491044005725,1,0.008426339285714285
14042,4.588518236019564,0,0.008426339285714285
14043,4.636163203124713,0,0.008426339285714285
14044,4.681997997217981,0,0.008426339285714285
14045,4.637310267419341,1,0.008444940476190476
14046,4.495076021421853,2,0.008444940476190476
14047,4.450205181700167,1,0.008444940476190476
14048,4.504029641780088,0,0.008444940476190476
14049,4.558188127844327,0,0.008444940476190476
14050,4.50969750715286,1,0.008444940476190476
14051,4.563952608279905,0,0.008444940476190476
14052,4.61835830061248,0,0.008444940476190476
14053,4.380296873730193,3,0.008426339285714285
14054,4.336209999976316,1,0.008426339285714285
14055,4.292172534098764,1,0.008426339285714285
14056,4.343373100360332,0,0.008426339285714285
14057,4.397973519782167,0,0.008426339285714285
14058,4.452713972090181,0,0.008426339285714285
14059,4.312605895611398,2,0.008426339285714285
14060,4.269285297648225,1,0.008407738095238095
14061,4.324033922209371,0,0.008407738095238095
14062,4.283089396884336,1,0.008370535714285714
14063,4.338477934737129,0,0.008370535714285714
14064,4.39413064431931,0,0.008370535714285714
14065,4.450059796643305,0,0.008370535714285714
14066,4.501520306093316,0,0.008370535714285714
14067,4.557506172414001,0,0.008370535714285714
14068,4.416727710316374,2,0.008333333333333333
14069,4.3739147693583265,1,0.008314732142857143
14070,4.3311925645231675,1,0.008333333333333333
14071,4.387109231418338,0,0.008333333333333333
14072,4.443195245243025,0,0.008333333333333333
14073,4.497354004231892,0,0.008333333333333333
14074,4.552785774557168,0,0.008333333333333333
14075,4.608684629478291,0,0.008333333333333333
14076,4.567945010231128,1,0.008333333333333333
14077,4.62432088216569,0,0.008333333333333333
14078,4.585183130747257,1,0.008333333333333333
14079,4.537757642526969,1,0.008370535714285714
14080,4.398475002884615,2,0.008389136904761904
14081,4.4515481816357205,0,0.008389136904761904
14082,4.506621814060033,0,0.008389136904761904
14083,4.463338271675289,1,0.008426339285714285
14084,4.41687374500061,1,0.008370535714285714
14085,4.374414652439165,1,0.008407738095238095
14086,4.331280668316073,1,0.008407738095238095
14087,4.386164827720549,0,0.008407738095238095
14088,4.342616389132631,1,0.008407738095238095
14089,4.287550012050878,1,0.008389136904761904
14090,4.246893403871471,1,0.008370535714285714
14091,4.302303883815458,0,0.008370535714285714
14092,4.357802911286583,0,0.008370535714285714
14093,4.4133645191828785,0,0.008370535714285714
14094,4.464225495395607,0,0.008370535714285714
14095,4.519634108922251,0,0.008370535714285714
14096,4.5751510010579075,0,0.008370535714285714
14097,4.5323316551406085,1,0.008407738095238095
14098,4.391989322781178,2,0.008482142857142856
14099,4.349332327654661,1,0.008537946428571428
14100,4.405350640185478,0,0.008537946428571428
14101,4.359038213864797,1,0.008519345238095237
14102,4.31640622701536,1,0.008519345238095237
14103,4.372293713409376,0,0.008519345238095237
14104,4.42822931987847,0,0.008519345238095237
14105,4.484201790621917,0,0.008519345238095237
14106,4.54034066415969,0,0.008519345238095237
14107,4.596635141239562,0,0.008519345238095237
14108,4.653081345701423,0,0.008519345238095237
14109,4.70969489998391,0,0.008519345238095237
14110,4.766421641421751,0,0.008519345238095237
14111,4.823231149053122,0,0.008519345238095237
14112,4.781911432240754,1,0.008500744047619047
14113,4.742131086581423,1,0.008519345238095237
14114,4.702182181375585,1,0.008500744047619047
14115,4.559119395999508,2,0.008537946428571428
14116,4.517108706219524,1,0.008519345238095237
14117,4.5735308911831,0,0.008519345238095237
14118,4.629946307016195,0,0.008519345238095237
14119,4.584071309777158,1,0.00855654761904762
14120,4.6394318650833775,0,0.00855654761904762
14121,4.59650038316537,1,0.00857514880952381
14122,4.555157511397695,1,0.00857514880952381
14123,4.419517282220277,2,0.00855654761904762
14124,4.377968664047406,1,0.00855654761904762
14125,4.337900527624916,1,0.00859375
14126,4.386530001037882,0,0.00859375
14127,4.244507158335014,2,0.00859375
14128,4.298548559897425,0,0.00859375
14129,4.353056146864739,0,0.00859375
14130,4.407818998329016,0,0.00859375
14131,4.46275839738491,0,0.00859375
14132,4.419491337240567,1,0.008612351190476191
14133,4.4748614868103775,0,0.008612351190476191
14134,4.432372480017505,1,0.00855654761904762
14135,4.488049622040132,0,0.00855654761904762
14136,4.44538269606568,1,0.00857514880952381
14137,4.501280598199603,0,0.00857514880952381
14138,4.551346368145994,0,0.00857514880952381
14139,4.607029272626774,0,0.00857514880952381
14140,4.662780250903714,0,0.00857514880952381
14141,4.7185819212153355,0,0.00857514880952381
14142,4.5771706611341765,2,0.00855654761904762
14143,4.535076961601881,1,0.00859375
14144,4.583253244561065,0,0.00859375
14145,4.638657998640021,0,0.00859375
14146,4.595861273002383,1,0.008612351190476191
14147,4.651673940774517,0,0.008612351190476191
14148,4.7075839999373965,0,0.008612351190476191
14149,4.763694582590536,0,0.008612351190476191
14150,4.819984045265825,0,0.008612351190476191
14151,4.681656541809954,2,0.00859375
14152,4.737636982347031,0,0.00859375
14153,4.590829793866346,2,0.008612351190476191
14154,4.646583779591831,0,0.008612351190476191
14155,4.697815179797184,0,0.008612351190476191
14156,4.751158331631304,0,0.008612351190476191
14157,4.805294828186619,0,0.008612351190476191
14158,4.759138143601663,1,0.008612351190476191
14159,4.812662435115032,0,0.008612351190476191
14160,4.866466564709207,0,0.008612351190476191
14161,4.920580746046876,0,0.008612351190476191
14162,4.878003904031314,1,0.008612351190476191
14163,4.735410364636368,2,0.008612351190476191
14164,4.78978807307131,0,0.008612351190476191
14165,4.830004854120296,0,0.008612351190476191
14166,4.688677217065649,2,0.00859375
14167,4.447325126471876,3,0.008649553571428572
14168,4.5012871022741665,0,0.008649553571428572
14169,4.555276839126175,0,0.008649553571428572
14170,4.609485348073844,0,0.008649553571428572
14171,4.663808680159329,0,0.008649553571428572
14172,4.619934693377381,1,0.008705357142857143
14173,4.674655836567962,0,0.008705357142857143
14174,4.729469985688265,0,0.008705357142857143
14175,4.587035956002919,2,0.008723958333333334
14176,4.641790074516932,0,0.008723958333333334
14177,4.692641122408376,0,0.008723958333333334
14178,4.650228248698807,1,0.008686755952380953
14179,4.508803972200909,2,0.008668154761904762
14180,4.369130511327089,2,0.008649553571428572
14181,4.325375752290645,1,0.008686755952380953
14182,4.380178123596976,0,0.008686755952380953
14183,4.4352346017211906,0,0.008686755952380953
14184,4.490463187750264,0,0.008686755952380953
14185,4.541330157063604,0,0.008686755952380953
14186,4.596266346854633,0,0.008686755952380953
14187,4.552667132873918,1,0.008686755952380953
14188,4.511377226847513,1,0.008630952380952382
14189,4.56219240421346,0,0.008630952380952382
14190,4.617023877882233,0,0.008630952380952382
14191,4.672042511408007,0,0.008630952380952382
14192,4.727177629318122,0,0.008630952380952382
14193,4.782446574618268,0,0.008630952380952382
14194,4.837880848941744,0,0.008630952380952382
14195,4.698166181108779,2,0.008649553571428572
14196,4.655460427238457,1,0.008668154761904762
14197,4.7109807912542205,0,0.008668154761904762
14198,4.669657405516382,1,0.008649553571428572
14199,4.626979425325868,1,0.008649553571428572
14200,4.683262415495895,0,0.008649553571428572
14201,4.739760716003633,0,0.008649553571428572
14202,4.597938017737787,2,0.008612351190476191
14203,4.653953813218101,0,0.008612351190476191
14204,4.710121894282452,0,0.008612351190476191
14205,4.76640744002086,0,0.008612351190476191
14206,4.72268373653164,1,0.008612351190476191
14207,4.771708187410724,0,0.008612351190476191
14208,4.813986286618435,0,0.008612351190476191
14209,4.863086207085634,0,0.008612351190476191
14210,4.915245740492027,0,0.008612351190476191
14211,4.871526380921095,1,0.008612351190476191
14212,4.730207421668714,2,0.008612351190476191
14213,4.590572650725357,2,0.008630952380952382
14214,4.64566048439268,0,0.008630952380952382
14215,4.701162004542442,0,0.008630952380952382
14216,4.658579315888297,1,0.00859375
14217,4.616306223142529,1,0.00859375
14218,4.574530236819674,1,0.008537946428571428
14219,4.431756638678348,2,0.008500744047619047
14220,4.3886306009729275,1,0.008444940476190476
14221,4.345122370154342,1,0.008444940476190476
14222,4.397364044086157,0,0.008444940476190476
14223,4.354382666743931,1,0.008389136904761904
14224,4.310827389018163,1,0.008426339285714285
14225,4.267763025090772,1,0.008444940476190476
14226,4.312261681299146,0,0.008444940476190476
14227,4.270942450826069,1,0.008463541666666666
14228,4.228222006189889,1,0.008500744047619047
14229,4.280521869537105,0,0.008500744047619047
14230,4.334155913663644,0,0.008500744047619047
14231,4.291887494306994,1,0.008463541666666666
14232,4.347258066491162,0,0.008463541666666666
14233,4.40309814619074,0,0.008463541666666666
14234,4.360973405734058,1,0.008426339285714285
14235,4.319636102093671,1,0.008426339285714285
14236,4.376448455145063,0,0.008426339285714285
14237,4.43344597099336,0,0.008426339285714285
14238,4.490598140065094,0,0.008426339285714285
14239,4.547880491957812,0,0.008426339285714285
14240,4.500843251408072,1,0.008463541666666666
14241,4.557284716810309,0,0.008463541666666666
14242,4.515023992864268,1,0.008500744047619047
14243,4.571303663163198,0,0.008500744047619047
14244,4.529403224531641,1,0.008482142857142856
14245,4.586012125886734,0,0.008482142857142856
14246,4.632905846820498,0,0.008482142857142856
14247,4.687830083776706,0,0.008482142857142856
14248,4.548500181746597,2,0.00855654761904762
14249,4.497748978046386,1,0.008537946428571428
14250,4.357347286761334,2,0.008537946428571428
14251,4.413342502862194,0,0.008537946428571428
14252,4.469538201955149,0,0.008537946428571428
14253,4.519900005470088,0,0.008537946428571428
14254,4.379625556858457,2,0.00855654761904762
14255,4.326422225094494,1,0.00857514880952381
14256,4.283946685923676,1,0.008630952380952382
14257,4.340013487562958,0,0.008630952380952382
14258,4.297649943723512,1,0.008686755952380953
14259,4.353977386346729,0,0.008686755952380953
14260,4.410675966557159,0,0.008686755952380953
14261,4.467587604898385,0,0.008686755952380953
14262,4.52463010435861,0,0.008686755952380953
14263,4.484742819332021,1,0.008686755952380953
14264,4.150247879707532,4,0.008537946428571428
14265,4.207793001714987,0,0.008537946428571428
14266,4.26543051139851,0,0.008537946428571428
14267,4.32313956147677,0,0.008537946428571428
14268,4.185618588720968,2,0.008519345238095237
14269,4.243561579960295,0,0.008519345238095237
14270,4.301541285971966,0,0.008519345238095237
14271,4.359548995124744,0,0.008519345238095237
14272,4.417662905644607,0,0.008519345238095237
14273,4.475575260868779,0,0.008519345238095237
14274,4.533579078435401,0,0.008519345238095237
14275,4.492918706036981,1,0.00855654761904762
14276,4.54996624687392,0,0.00855654761904762
14277,4.509461136201831,1,0.008519345238095237
14278,4.567023151122076,0,0.008519345238095237
14279,4.5192678262282895,1,0.008519345238095237
14280,4.477786980741264,1,0.008537946428571428
14281,4.436419609559318,1,0.008537946428571428
14282,4.389435755401265,1,0.00855654761904762
14283,4.44200655835455,0,0.00855654761904762
14284,4.493551427547125,0,0.00855654761904762
14285,4.549364427018128,0,0.00855654761904762
14286,4.605419719108913,0,0.00855654761904762
14287,4.465174474579252,2,0.008500744047619047
14288,4.424044229403929,1,0.008463541666666666
14289,4.384392572687816,1,0.008463541666666666
14290,4.242464101577843,2,0.008463541666666666
14291,4.2993347088956355,0,0.008463541666666666
14292,4.258588685485148,1,0.008426339285714285
14293,4.315742871952625,0,0.008426339285714285
14294,4.373056563812024,0,0.008426339285714285
14295,4.334801007076742,1,0.008426339285714285
14296,4.392881005940108,0,0.008426339285714285
14297,4.450987093194384,0,0.008426339285714285
14298,4.5091781665907105,0,0.008426339285714285
14299,4.567372339163454,0,0.008426339285714285
14300,4.625565412491606,0,0.008426339285714285
14301,4.584914264354887,1,0.008444940476190476
14302,4.544752456989304,1,0.008426339285714285
14303,4.602999381665928,0,0.008426339285714285
14304,4.661234740731859,0,0.008426339285714285
14305,4.719456070668746,0,0.008426339285714285
14306,4.7776610822137116,0,0.008426339285714285
14307,4.738011543287975,1,0.008389136904761904
14308,4.796211474392383,0,0.008389136904761904
14309,4.659696070380198,2,0.008389136904761904
14310,4.717576084857149,0,0.008389136904761904
14311,4.775503675650808,0,0.008389136904761904
14312,4.735114075053419,1,0.008370535714285714
14313,4.793281678172927,0,0.008370535714285714
14314,4.851526883184496,0,0.008370535714285714
14315,4.909825669384884,0,0.008370535714285714
14316,4.675113081483648,3,0.008333333333333333
14317,4.73292496018874,0,0.008333333333333333
14318,4.790887189701146,0,0.008333333333333333
14319,4.746825724958186,1,0.008277529761904762
14320,4.8043221696294,0,0.008277529761904762
14321,4.861809205127981,0,0.008277529761904762
14322,4.9194458067715,0,0.008277529761904762
14323,4.977185980389081,0,0.008277529761904762
14324,5.035048172648583,0,0.008277529761904762
14325,5.093095765535278,0,0.008277529761904762
14326,5.048384886867975,1,0.008258928571428572
14327,5.106213369988077,0,0.008258928571428572
14328,5.164073457215327,0,0.008258928571428572
14329,5.025097920913026,2,0.00822172619047619
14330,4.985651327842179,1,0.008203125
14331,5.043893982408773,0,0.008203125
14332,4.905508568916087,2,0.008240327380952381
14333,4.767050051936787,2,0.008203125
14334,4.825069475881757,0,0.008203125
14335,4.883264498533411,0,0.008203125
14336,4.845469767256557,1,0.008240327380952381
14337,4.903946750268895,0,0.008240327380952381
14338,4.8640770831897,1,0.008240327380952381
14339,4.922721182817143,0,0.008240327380952381
14340,4.981395176808838,0,0.008240327380952381
14341,4.941733117041068,1,0.008258928571428572
14342,4.894991582897409,1,0.008277529761904762
14343,4.953139468940593,0,0.008277529761904762
14344,4.912849668120491,1,0.008314732142857143
14345,4.872640488412105,1,0.008351934523809524
14346,4.832445602621515,1,0.008333333333333333
14347,4.890688929074878,0,0.008333333333333333
14348,4.851420241854444,1,0.008351934523809524
14349,4.909870647801956,0,0.008351934523809524
14350,4.968399261108746,0,0.008351934523809524
14351,5.026972906269454,0,0.008351934523809524
14352,5.085568284602215,0,0.008351934523809524
14353,4.94849525863395,2,0.008370535714285714
14354,5.0066241208379525,0,0.008370535714285714
14355,5.064748483241582,0,0.008370535714285714
14356,5.12286220620888,0,0.008370535714285714
14357,5.180961064740443,0,0.008370535714285714
14358,5.141247795281512,1,0.008351934523809524
14359,5.19872205742185,0,0.008351934523809524
14360,5.256170719675505,0,0.008351934523809524
14361,5.024126863867557,3,0.008314732142857143
14362,5.081617924347698,0,0.008314732142857143
14363,5.139096805248089,0,0.008314732142857143
14364,5.098219713888024,1,0.008296130952380952
14365,5.057442566891819,1,0.008296130952380952
14366,5.017851184411846,1,0.008296130952380952
14367,4.977891954346523,1,0.008314732142857143
14368,5.035825565130898,0,0.008314732142857143
14369,5.093767691329226,0,0.008314732142857143
14370,5.151709885689171,0,0.008314732142857143
14371,5.209730838422315,0,0.008314732142857143
14372,5.169406519157105,1,0.008314732142857143
14373,5.226991988276897,0,0.008314732142857143
14374,5.28460827466711,0,0.008314732142857143
14375,5.342239984561747,0,0.008314732142857143
14376,5.3952439510134615,0,0.008314732142857143
14377,5.353969214263775,1,0.008277529761904762
14378,5.312587324019182,1,0.008296130952380952
14379,5.075915407574357,3,0.008277529761904762
14380,5.1332484675529555,0,0.008277529761904762
14381,5.190707681016417,0,0.008277529761904762
14382,5.150020466877146,1,0.008314732142857143
14383,5.008397502303025,2,0.008296130952380952
14384,4.870214659107024,2,0.008351934523809524
14385,4.828175486794331,1,0.008389136904761904
14386,4.786595047366184,1,0.008407738095238095
14387,4.744758756243264,1,0.008407738095238095
14388,4.801543539947174,0,0.008407738095238095
14389,4.6622436961491385,2,0.008370535714285714
14390,4.718794192823805,0,0.008370535714285714
14391,4.676961761552847,1,0.008333333333333333
14392,4.733604183264233,0,0.008333333333333333
14393,4.691823996865551,1,0.008314732142857143
14394,4.550041086815114,2,0.008296130952380952
14395,4.605240299508952,0,0.008296130952380952
14396,4.66041221622719,0,0.008296130952380952
14397,4.619983770648365,1,0.008296130952380952
14398,4.67536162752895,0,0.008296130952380952
14399,4.730803299161663,0,0.008296130952380952
14400,4.590834883906209,2,0.008333333333333333
14401,4.54819161200103,1,0.008277529761904762
14402,4.604127675755889,0,0.008277529761904762
14403,4.6602351181616495,0,0.008277529761904762
14404,4.7164948022822015,0,0.008277529761904762
14405,4.772864689129896,0,0.008277529761904762
14406,4.829333709855137,0,0.008277529761904762
14407,4.885954133807357,0,0.008277529761904762
14408,4.844265379761354,1,0.008240327380952381
14409,4.90111673849399,0,0.008240327380952381
14410,4.859605849112901,1,0.00822172619047619
14411,4.911891773592182,0,0.00822172619047619
14412,4.9683354728847915,0,0.00822172619047619
14413,5.020410291337194,0,0.00822172619047619
14414,4.783260334400458,3,0.008128720238095239
14415,4.827176211747007,0,0.008128720238095239
14416,4.778488747702878,1,0.008072916666666667
14417,4.831452201277573,0,0.008072916666666667
14418,4.8790166469776315,0,0.008072916666666667
14419,4.737623427607799,2,0.008054315476190475
14420,4.693206085836801,1,0.008072916666666667
14421,4.553817311511953,2,0.008091517857142858
14422,4.407675007585146,2,0.008110119047619048
14423,4.4604827420365645,0,0.008110119047619048
14424,4.3198470000698554,2,0.008072916666666667
14425,4.368895478684914,0,0.008072916666666667
14426,4.422387564040421,0,0.008072916666666667
14427,4.476187441754505,0,0.008072916666666667
14428,4.435495353481865,1,0.008091517857142858
14429,4.295606540490162,2,0.00816592261904762
14430,4.252032101872153,1,0.008147321428571429
14431,4.109892785337617,2,0.008147321428571429
14432,4.164280475972458,0,0.008147321428571429
14433,4.218753083619962,0,0.008147321428571429
14434,4.076485520062701,2,0.00816592261904762
14435,4.131249015436742,0,0.00816592261904762
14436,4.1861074136582275,0,0.00816592261904762
14437,4.241151733966966,0,0.00816592261904762
14438,4.296573242450981,0,0.00816592261904762
14439,4.352355150526934,0,0.00816592261904762
14440,4.4087523912895605,0,0.00816592261904762
14441,4.4653123503333205,0,0.00816592261904762
14442,4.52201551091619,0,0.00816592261904762
14443,4.480501491950612,1,0.00822172619047619
14444,4.537582655096668,0,0.00822172619047619
14445,4.59477352297948,0,0.00822172619047619
14446,4.546932899570985,1,0.008240327380952381
14447,4.503715321836683,1,0.008258928571428572
14448,4.557428044603637,0,0.008258928571428572
14449,4.6126164658391104,0,0.008258928571428572
14450,4.663485883906654,0,0.008258928571428572
14451,4.718529711527424,0,0.008258928571428572
14452,4.773846610315795,0,0.008258928571428572
14453,4.627735036507093,2,0.008258928571428572
14454,4.682656116366226,0,0.008258928571428572
14455,4.639950421320562,1,0.00822172619047619
14456,4.403652674513897,3,0.00822172619047619
14457,4.06469909661378,4,0.008240327380952381
14458,4.021638207968334,1,0.008277529761904762
14459,4.077338445793292,0,0.008277529761904762
14460,4.130659155969627,0,0.008277529761904762
14461,4.087834973126353,1,0.008314732142857143
14462,4.047060707528304,1,0.008277529761904762
14463,4.1033256049176545,0,0.008277529761904762
14464,4.159798250003698,0,0.008277529761904762
14465,4.216405536476449,0,0.008277529761904762
14466,4.273260387357137,0,0.008277529761904762
14467,4.23187536456734,1,0.008258928571428572
14468,4.1906443591357565,1,0.008296130952380952
14469,4.2479631012994865,0,0.008296130952380952
14470,4.305447541552237,0,0.008296130952380952
14471,4.359385535630028,0,0.008296130952380952
14472,4.416609262024647,0,0.008296130952380952
14473,4.3755965591751655,1,0.008333333333333333
14474,4.433174804291805,0,0.008333333333333333
14475,4.392428594060635,1,0.008370535714285714
14476,4.440094362952491,0,0.008370535714285714
14477,4.493542256392844,0,0.008370535714285714
14478,4.450197313694603,1,0.008389136904761904
14479,4.503156799262208,0,0.008389136904761904
14480,4.559371543489606,0,0.008389136904761904
14481,4.511121276622353,1,0.008351934523809524
14482,4.5656477176372405,0,0.008351934523809524
14483,4.621320482505792,0,0.008351934523809524
14484,4.5764049031464955,1,0.008389136904761904
14485,4.5343894754912615,1,0.008407738095238095
14486,4.591199045253583,0,0.008407738095238095
14487,4.648265641868841,0,0.008407738095238095
14488,4.705516159271507,0,0.008407738095238095
14489,4.757720122440401,0,0.008407738095238095
14490,4.8097290753929505,0,0.008407738095238095
14491,4.866400017466228,0,0.008407738095238095
14492,4.626572134891271,3,0.008407738095238095
14493,4.680456165438412,0,0.008407738095238095
14494,4.63740785077849,1,0.008389136904761904
14495,4.575818966465206,1,0.008426339285714285
14496,4.624975365426868,0,0.008426339285714285
14497,4.580227627517332,1,0.008389136904761904
14498,4.53909948069769,1,0.008370535714285714
14499,4.397980420454996,2,0.008389136904761904
14500,4.4447939135553485,0,0.008389136904761904
14501,4.500316284826831,0,0.008389136904761904
14502,4.457766765731694,1,0.008389136904761904
14503,4.41611253161319,1,0.008370535714285714
14504,4.472532138105509,0,0.008370535714285714
14505,4.526623438943819,0,0.008370535714285714
14506,4.583341566551937,0,0.008370535714285714
14507,4.5418462637871215,1,0.008333333333333333
14508,4.403468120025628,2,0.008407738095238095
14509,4.460839835126684,0,0.008407738095238095
14510,4.322049175266416,2,0.008351934523809524
14511,4.379808751858631,0,0.008351934523809524
14512,4.339320001988108,1,0.008389136904761904
14513,4.397411341252437,0,0.008389136904761904
14514,4.455589218467697,0,0.008389136904761904
14515,4.513829613206848,0,0.008389136904761904
14516,4.5721149017487335,0,0.008389136904761904
14517,4.434867901085474,2,0.008407738095238095
14518,4.493311813262847,0,0.008407738095238095
14519,4.453407682361759,1,0.008389136904761904
14520,4.506131746667256,0,0.008389136904761904
14521,4.562651437551451,0,0.008389136904761904
14522,4.619607470610994,0,0.008389136904761904
14523,4.676827880552341,0,0.008389136904761904
14524,4.734217909300991,0,0.008389136904761904
14525,4.7918422813593535,0,0.008389136904761904
14526,4.8496813997849255,0,0.008389136904761904
14527,4.809237680799268,1,0.008407738095238095
14528,4.768721668276214,1,0.008407738095238095
14529,4.827350015694632,0,0.008407738095238095
14530,4.788304180955091,1,0.008463541666666666
14531,4.649875566218123,2,0.008463541666666666
14532,4.609687098223468,1,0.008482142857142856
14533,4.56936446078867,1,0.008426339285714285
14534,4.626992090701106,0,0.008426339285714285
14535,4.684687681231473,0,0.008426339285714285
14536,4.74243311661563,0,0.008426339285714285
14537,4.798161782389913,0,0.008426339285714285
14538,4.855405992539656,0,0.008426339285714285
14539,4.912655311520808,0,0.008426339285714285
14540,4.969903391050655,0,0.008426339285714285
14541,5.023530102495058,0,0.008426339285714285
14542,5.080883673441987,0,0.008426339285714285
14543,5.1382109083447745,0,0.008426339285714285
14544,4.999258901575776,2,0.008389136904761904
14545,4.859200627394972,2,0.008426339285714285
14546,4.818344545415408,1,0.008482142857142856
14547,4.875291650958101,0,0.008482142857142856
14548,4.736205363406379,2,0.008463541666666666
14549,4.59696904229941,2,0.008482142857142856
14550,4.5568159268787305,1,0.008463541666666666
14551,4.614713022395355,0,0.008463541666666666
14552,4.672725701445595,0,0.008463541666666666
14553,4.632436469493766,1,0.008500744047619047
14554,4.690657204411043,0,0.008500744047619047
14555,4.645948101918875,1,0.00855654761904762
14556,4.608025655263549,1,0.008519345238095237
14557,4.666025025173907,0,0.008519345238095237
14558,4.623918486242076,1,0.008519345238095237
14559,4.677336672167042,0,0.008519345238095237
14560,4.635543513991257,1,0.00857514880952381
14561,4.692308112193771,0,0.00857514880952381
14562,4.749153981455366,0,0.00857514880952381
14563,4.710154448116674,1,0.008519345238095237
14564,4.767250533126791,0,0.008519345238095237
14565,4.824766483419503,0,0.008519345238095237
14566,4.686381714782688,2,0.008482142857142856
14567,4.64601073318079,1,0.008537946428571428
14568,4.704184382291394,0,0.008537946428571428
14569,4.76252105823774,0,0.008537946428571428
14570,4.8209104387782835,0,0.008537946428571428
14571,4.877984739591494,0,0.008537946428571428
14572,4.935323934947051,0,0.008537946428571428
14573,4.9927704450533295,0,0.008537946428571428
14574,4.948087443864699,1,0.00855654761904762
14575,5.0054064093111945,0,0.00855654761904762
14576,5.05817841866934,0,0.00855654761904762
14577,5.115152746027353,0,0.00855654761904762
14578,5.172164864460001,0,0.00855654761904762
14579,5.22922719540346,0,0.00855654761904762
14580,5.286479159543271,0,0.00855654761904762
14581,5.343978459020986,0,0.00855654761904762
14582,5.401675431846092,0,0.00855654761904762
14583,5.363095890212849,1,0.00855654761904762
14584,5.323136239328863,1,0.00855654761904762
14585,5.179249419432122,2,0.008519345238095237
14586,5.125692118046299,1,0.008500744047619047
14587,5.084159347019951,1,0.008500744047619047
14588,4.943827049923109,2,0.008482142857142856
14589,4.90313560943026,1,0.008537946428571428
14590,4.763719201771227,2,0.008500744047619047
14591,4.819983212363515,0,0.008500744047619047
14592,4.680212687578445,2,0.008444940476190476
14593,4.7367430436035605,0,0.008444940476190476
14594,4.694920333841464,1,0.008407738095238095
14595,4.554965914946096,2,0.008314732142857143
14596,4.410679542262369,2,0.008389136904761904
14597,4.368334147153417,1,0.008407738095238095
14598,4.424529322969075,0,0.008407738095238095
14599,4.480822915714387,0,0.008407738095238095
14600,4.4388310409262335,1,0.008407738095238095
14601,4.397049503920832,1,0.008426339285714285
14602,4.453957030015621,0,0.008426339285714285
14603,4.510999293133057,0,0.008426339285714285
14604,4.568216057910828,0,0.008426339285714285
14605,4.625583874305195,0,0.008426339285714285
14606,4.683058899941941,0,0.008426339285714285
14607,4.643651215315155,1,0.008444940476190476
14608,4.701289183645843,0,0.008444940476190476
14609,4.655467068481732,1,0.008389136904761904
14610,4.710756649473689,0,0.008389136904761904
14611,4.766956677209634,0,0.008389136904761904
14612,4.629494631686591,2,0.008370535714285714
14613,4.686559895612054,0,0.008370535714285714
14614,4.739132903782209,0,0.008370535714285714
14615,4.7951930707059045,0,0.008370535714285714
14616,4.842370574998413,0,0.008370535714285714
14617,4.897678094856653,0,0.008370535714285714
14618,4.953092561449636,0,0.008370535714285714
14619,4.898647682782846,1,0.008351934523809524
14620,4.954273706276683,0,0.008351934523809524
14621,4.715378876337312,3,0.008426339285714285
14622,4.673416672628907,1,0.008370535714285714
14623,4.532914243163662,2,0.008463541666666666
14624,4.481957237419665,1,0.008482142857142856
14625,4.441944129505439,1,0.008500744047619047
14626,4.499049682559256,0,0.008500744047619047
14627,4.556336188457233,0,0.008500744047619047
14628,4.418295975032771,2,0.008500744047619047
14629,4.476097604217667,0,0.008500744047619047
14630,4.533995978706326,0,0.008500744047619047
14631,4.494520545704911,1,0.008500744047619047
14632,4.552615048370471,0,0.008500744047619047
14633,4.6107248756348325,0,0.008500744047619047
14634,4.570478118754063,1,0.008519345238095237
14635,4.628089447697484,0,0.008519345238095237
14636,4.587852007759057,1,0.008519345238095237
14637,4.645080596993463,0,0.008519345238095237
14638,4.7024217308601965,0,0.008519345238095237
14639,4.66144982276904,1,0.008482142857142856
14640,4.719010668529213,0,0.008482142857142856
14641,4.67820311447341,1,0.008500744047619047
14642,4.735883529224051,0,0.008500744047619047
14643,4.793584900298227,0,0.008500744047619047
14644,4.752106366212629,1,0.008537946428571428
14645,4.808766449980101,0,0.008537946428571428
14646,4.865691297334657,0,0.008537946428571428
14647,4.722257387506064,2,0.008630952380952382
14648,4.773472793005753,0,0.008630952380952382
14649,4.828815637387044,0,0.008630952380952382
14650,4.785960669283894,1,0.008649553571428572
14651,4.8417551577067375,0,0.008649553571428572
14652,4.799098242638764,1,0.008630952380952382
14653,4.841835150154571,0,0.008630952380952382
14654,4.800232254996987,1,0.00859375
14655,4.856343155949685,0,0.00859375
14656,4.912627463083139,0,0.00859375
14657,4.96913269577516,0,0.00859375
14658,5.025973936047028,0,0.00859375
14659,5.07693365854055,0,0.00859375
14660,5.035253232131979,1,0.008612351190476191
14661,4.897892388081419,2,0.00859375
14662,4.859128901218691,1,0.00855654761904762
14663,4.8176221378222674,1,0.008537946428571428
14664,4.776706910027857,1,0.00855654761904762
14665,4.735808408001922,1,0.008500744047619047
14666,4.697240164774402,1,0.008519345238095237
14667,4.755187477741376,0,0.008519345238095237
14668,4.606021116473019,2,0.008444940476190476
14669,4.565348027371242,1,0.008426339285714285
14670,4.623219970817932,0,0.008426339285714285
14671,4.584647110787544,1,0.008407738095238095
14672,4.545183169733642,1,0.008370535714285714
14673,4.504194035246699,1,0.008370535714285714
14674,4.35179703348464,2,0.008314732142857143
14675,4.314036250701858,1,0.008314732142857143
14676,4.27267453786003,1,0.008370535714285714
14677,4.231503862713109,1,0.008389136904761904
14678,4.1902562079148025,1,0.008370535714285714
14679,4.247505378743296,0,0.008370535714285714
14680,4.304880521530481,0,0.008370535714285714
14681,4.362354954446044,0,0.008370535714285714
14682,4.2245973005862645,2,0.008389136904761904
14683,4.183817677878302,1,0.008351934523809524
14684,4.241043722916396,0,0.008351934523809524
14685,4.199979825357063,1,0.008351934523809524
14686,4.256378157770414,0,0.008351934523809524
14687,4.310832995098608,0,0.008351934523809524
14688,4.273104450194427,1,0.008333333333333333
14689,4.330120826061567,0,0.008333333333333333
14690,4.381925678465168,0,0.008333333333333333
14691,4.437308657420557,0,0.008333333333333333
14692,4.396719844927176,1,0.008314732142857143
14693,4.354898772996531,1,0.008333333333333333
14694,4.310619583881473,1,0.008351934523809524
14695,4.3674185665096745,0,0.008351934523809524
14696,4.424683585875548,0,0.008351934523809524
14697,4.482077707745673,0,0.008351934523809524
14698,4.539626135197501,0,0.008351934523809524
14699,4.501516718240979,1,0.008333333333333333
14700,4.55994875335469,0,0.008333333333333333
14701,4.613882592897518,0,0.008333333333333333
14702,4.573096734540169,1,0.008351934523809524
14703,4.630403476440209,0,0.008351934523809524
14704,4.6881468682790555,0,0.008351934523809524
14705,4.746151357753636,0,0.008351934523809524
14706,4.8043230602217815,0,0.008351934523809524
14707,4.86260575405123,0,0.008351934523809524
14708,4.920963058555634,0,0.008351934523809524
14709,4.882764818675927,1,0.008351934523809524
14710,4.843440592602518,1,0.008314732142857143
14711,4.705831634445072,2,0.008333333333333333
14712,4.754503210564658,0,0.008333333333333333
14713,4.81271845607429,0,0.008333333333333333
14714,4.6741275103585425,2,0.008296130952380952
14715,4.535547537046983,2,0.008277529761904762
14716,4.495604295387015,1,0.008296130952380952
14717,4.456650638724373,1,0.008351934523809524
14718,4.515460937340302,0,0.008351934523809524
14719,4.574311990626546,0,0.008351934523809524
14720,4.535399930338556,1,0.008314732142857143
14721,4.594361679611388,0,0.008314732142857143
14722,4.554912557511914,1,0.008314732142857143
14723,4.61346194907573,0,0.008314732142857143
14724,4.672101927651317,0,0.008314732142857143
14725,4.730797594020149,0,0.008314732142857143
14726,4.789526741431229,0,0.008314732142857143
14727,4.750562328416628,1,0.008277529761904762
14728,4.809295734197753,0,0.008277529761904762
14729,4.771073185409014,1,0.008240327380952381
14730,4.829847823943901,0,0.008240327380952381
14731,4.888617320125534,0,0.008240327380952381
14732,4.653830102560158,3,0.008296130952380952
14733,4.71210218547252,0,0.008296130952380952
14734,4.770425362784019,0,0.008296130952380952
14735,4.828827743098457,0,0.008296130952380952
14736,4.789700384267969,1,0.008333333333333333
14737,4.848321676535209,0,0.008333333333333333
14738,4.906966625976225,0,0.008333333333333333
14739,4.965619978664426,0,0.008333333333333333
14740,4.925871904827223,1,0.008314732142857143
14741,4.984540114363034,0,0.008314732142857143
14742,5.043204871970473,0,0.008314732142857143
14743,5.101861029148061,0,0.008314732142857143
14744,5.160505382327955,0,0.008314732142857143
14745,5.200883766924756,0,0.008314732142857143
14746,5.258892642980485,0,0.008314732142857143
14747,5.316877790878116,0,0.008314732142857143
14748,5.271576158842094,1,0.008277529761904762
14749,5.230121364274944,1,0.008314732142857143
14750,5.18828422328973,1,0.008277529761904762
14751,5.146656880607581,1,0.008296130952380952
14752,5.1048474385602285,1,0.008333333333333333
14753,5.162178553265355,0,0.008333333333333333
14754,5.023801581811941,2,0.008314732142857143
14755,4.983648648210723,1,0.008314732142857143
14756,5.041492296965055,0,0.008314732142857143
14757,4.900924948539708,2,0.008296130952380952
14758,4.954950556839957,0,0.008296130952380952
14759,5.011867562252609,0,0.008296130952380952
14760,4.967026314085909,1,0.008296130952380952
14761,4.925171750020955,1,0.008314732142857143
14762,4.785087786486218,2,0.008296130952380952
14763,4.645597351435465,2,0.008258928571428572
14764,4.702807087617833,0,0.008258928571428572
14765,4.760203326085945,0,0.008258928571428572
14766,4.71941243900166,1,0.008240327380952381
14767,4.678798652886569,1,0.008258928571428572
14768,4.639558555440643,1,0.008277529761904762
14769,4.600408796675981,1,0.008333333333333333
14770,4.658587644241059,0,0.008333333333333333
14771,4.7168696962537435,0,0.008333333333333333
14772,4.775326543723161,0,0.008333333333333333
14773,4.73539707120894,1,0.008370535714285714
14774,4.7939509780207405,0,0.008370535714285714
14775,4.754107114311834,1,0.008407738095238095
14776,4.8124764517073055,0,0.008407738095238095
14777,4.8708749037070165,0,0.008407738095238095
14778,4.83086710253243,1,0.008351934523809524
14779,4.889366514186889,0,0.008351934523809524
14780,4.947868041854771,0,0.008351934523809524
14781,5.006364824579924,0,0.008351934523809524
14782,5.064850931615233,0,0.008351934523809524
14783,5.123321034809776,0,0.008351934523809524
14784,5.181770374866468,0,0.008351934523809524
14785,5.137284034295773,1,0.008333333333333333
14786,5.189069316882666,0,0.008333333333333333
14787,4.951269695379201,3,0.008240327380952381
14788,5.006496136670908,0,0.008240327380952381
14789,4.768450597509121,3,0.008128720238095239
14790,4.628921361851254,2,0.008110119047619048
14791,4.683007959049191,0,0.008110119047619048
14792,4.544659829676489,2,0.008147321428571429
14793,4.5049370305457295,1,0.008128720238095239
14794,4.364598044267604,2,0.00818452380952381
14795,4.421222431043252,0,0.00818452380952381
14796,4.478376507265236,0,0.00818452380952381
14797,4.521485356640807,0,0.00818452380952381
14798,4.478866747208271,1,0.00816592261904762
14799,4.535354412747895,0,0.00816592261904762
14800,4.592350423125839,0,0.00816592261904762
14801,4.649646527386897,0,0.00816592261904762
14802,4.7071881668664215,0,0.00816592261904762
14803,4.7650351188331515,0,0.00816592261904762
14804,4.82307710473141,0,0.00816592261904762
14805,4.782825543009085,1,0.00822172619047619
14806,4.841122408142415,0,0.00822172619047619
14807,4.801072703088444,1,0.00822172619047619
14808,4.858995938812632,0,0.00822172619047619
14809,4.917038439385139,0,0.00822172619047619
14810,4.975164920698029,0,0.00822172619047619
14811,5.0333498732190805,0,0.00822172619047619
14812,5.091638264581512,0,0.00822172619047619
14813,5.043527318792809,1,0.00818452380952381
14814,5.003668870245993,1,0.008203125
14815,4.963835779729987,1,0.008203125
14816,5.021672542196821,0,0.008203125
14817,5.079725030420613,0,0.008203125
14818,5.134227994940715,0,0.008203125
14819,5.191995658339871,0,0.008203125
14820,5.249786876011813,0,0.008203125
14821,5.2123912915785455,1,0.00816592261904762
14822,5.270876733798412,0,0.00816592261904762
14823,5.325529482602018,0,0.00816592261904762
14824,5.189765302166853,2,0.008147321428571429
14825,5.1495083024003305,1,0.008147321428571429
14826,5.206899736546113,0,0.008147321428571429
14827,5.067522475766567,2,0.008110119047619048
14828,5.026684770607283,1,0.008147321428571429
14829,4.986167205304888,1,0.00818452380952381
14830,4.945610073979364,1,0.00818452380952381
14831,4.806928083636492,2,0.00818452380952381
14832,4.864964674813432,0,0.00818452380952381
14833,4.825745230941029,1,0.00818452380952381
14834,4.686992070049297,2,0.00818452380952381
14835,4.646241269170888,1,0.00816592261904762
14836,4.609350177897413,1,0.008147321428571429
14837,4.667045820068686,0,0.008147321428571429
14838,4.625960393624671,1,0.008147321428571429
14839,4.683278611823132,0,0.008147321428571429
14840,4.5435463065013,2,0.00818452380952381
14841,4.502721660911306,1,0.00822172619047619
14842,4.461202353107063,1,0.008203125
14843,4.419766059952635,1,0.00816592261904762
14844,4.476143474727803,0,0.00816592261904762
14845,4.338871213928676,2,0.00818452380952381
14846,4.395021317149719,0,0.00818452380952381
14847,4.451349594083961,0,0.00818452380952381
14848,4.307910249690925,2,0.00822172619047619
14849,4.364224260235805,0,0.00822172619047619
14850,4.420739192826716,0,0.00822172619047619
14851,4.379007169111545,1,0.008203125
14852,4.4358576185454845,0,0.008203125
14853,4.49005310711345,0,0.008203125
14854,4.546005682936669,0,0.008203125
14855,4.503427938852193,1,0.008258928571428572
14856,4.5598555324713255,0,0.008258928571428572
14857,4.515030835003845,1,0.008240327380952381
14858,4.571270615665547,0,0.008240327380952381
14859,4.529467108537932,1,0.008258928571428572
14860,4.3643766560669714,2,0.008314732142857143
14861,4.419166091486937,0,0.008314732142857143
14862,4.473973285796737,0,0.008314732142857143
14863,4.5289533220059415,0,0.008314732142857143
14864,4.486733127554411,1,0.008314732142857143
14865,4.443823805360219,1,0.008296130952380952
14866,4.402699723425277,1,0.008314732142857143
14867,4.4585761450371555,0,0.008314732142857143
14868,4.416471328334928,1,0.008333333333333333
14869,4.472813101855529,0,0.008333333333333333
14870,4.515585674345344,0,0.008333333333333333
14871,4.569968377974404,0,0.008333333333333333
14872,4.625838746575147,0,0.008333333333333333
14873,4.586304416890772,1,0.008370535714285714
14874,4.642534258886653,0,0.008370535714285714
14875,4.600553206327154,1,0.008370535714285714
14876,4.657402042474932,0,0.008370535714285714
14877,4.420206706562803,3,0.008389136904761904
14878,4.476887357705861,0,0.008389136904761904
14879,4.53373716648811,0,0.008389136904761904
14880,4.492337066977137,1,0.008370535714285714
14881,4.253164074464998,3,0.008333333333333333
14882,4.211443517812522,1,0.008296130952380952
14883,4.169949070376133,1,0.008277529761904762
14884,4.226490313303783,0,0.008277529761904762
14885,4.2832301809005395,0,0.008277529761904762
14886,4.242274259491099,1,0.008258928571428572
14887,4.284975628901863,0,0.008258928571428572
14888,4.342004645656471,0,0.008258928571428572
14889,4.399107921599014,0,0.008258928571428572
14890,4.451666123101625,0,0.008258928571428572
14891,4.505678493312704,0,0.008258928571428572
14892,4.562152781231431,0,0.008258928571428572
14893,4.6186983805759585,0,0.008258928571428572
14894,4.671851863251887,0,0.008258928571428572
14895,4.4347716071090995,3,0.008314732142857143
14896,4.491033888306978,0,0.008314732142857143
14897,4.548048395983118,0,0.008314732142857143
14898,4.409147628105219,2,0.008314732142857143
14899,4.466498565723881,0,0.008314732142857143
14900,4.521381549791686,0,0.008314732142857143
14901,4.477004734907717,1,0.008277529761904762
14902,4.533819293281689,0,0.008277529761904762
14903,4.590697518885628,0,0.008277529761904762
14904,4.64761328704684,0,0.008277529761904762
14905,4.704758792436896,0,0.008277529761904762
14906,4.762090955026915,0,0.008277529761904762
14907,4.81965569171145,0,0.008277529761904762
14908,4.779192435675906,1,0.008333333333333333
14909,4.837092254402226,0,0.008333333333333333
14910,4.8949795081559415,0,0.008333333333333333
14911,4.95288945578334,0,0.008333333333333333
14912,5.010807488921111,0,0.008333333333333333
14913,5.068750585017326,0,0.008333333333333333
14914,5.126782451817905,0,0.008333333333333333
14915,5.18487115359444,0,0.008333333333333333
14916,5.144617938962472,1,0.008351934523809524
14917,5.1043676659402415,1,0.008351934523809524
14918,5.162558415650315,0,0.008351934523809524
14919,5.220744306192394,0,0.008351934523809524
14920,5.082137830960648,2,0.008333333333333333
14921,5.139785081439643,0,0.008333333333333333
14922,5.0027990063414105,2,0.008296130952380952
14923,4.863808265561255,2,0.008277529761904762
14924,4.921071653681646,0,0.008277529761904762
14925,4.978465213400768,0,0.008277529761904762
14926,5.035909591786444,0,0.008277529761904762
14927,4.800295995167672,3,0.008370535714285714
14928,4.654474942887429,2,0.008351934523809524
14929,4.513622889997714,2,0.008389136904761904
14930,4.569698160103042,0,0.008389136904761904
14931,4.625846775598539,0,0.008389136904761904
14932,4.485784203293076,2,0.008351934523809524
14933,4.443288467531312,1,0.008333333333333333
14934,4.3044631939795925,2,0.008314732142857143
14935,4.360710213288989,0,0.008314732142857143
14936,4.415764368533864,0,0.008314732142857143
14937,4.471449139327607,0,0.008314732142857143
14938,4.527163158793625,0,0.008314732142857143
14939,4.485473697247107,1,0.008296130952380952
14940,4.541235290336182,0,0.008296130952380952
14941,4.5972356312674645,0,0.008296130952380952
14942,4.65354783964464,0,0.008296130952380952
14943,4.710110494920104,0,0.008296130952380952
14944,4.668455933662377,1,0.008333333333333333
14945,4.72536880968239,0,0.008333333333333333
14946,4.782367255820813,0,0.008333333333333333
14947,4.8375731575717795,0,0.008333333333333333
14948,4.894345820459614,0,0.008333333333333333
14949,4.951293602416661,0,0.008333333333333333
14950,5.008388360775618,0,0.008333333333333333
14951,5.065590630301698,0,0.008333333333333333
14952,5.122871053749428,0,0.008333333333333333
14953,5.180261270412728,0,0.008333333333333333
14954,5.233114669635642,0,0.008333333333333333
14955,5.192258164738348,1,0.008389136904761904
14956,5.148721092250615,1,0.008389136904761904
14957,5.0095962773666,2,0.008444940476190476
14958,4.968313679716864,1,0.008500744047619047
14959,4.927136807279831,1,0.008500744047619047
14960,4.7889802082102575,2,0.008500744047619047
14961,4.646537522565261,2,0.008444940476190476
14962,4.5058375191139115,2,0.008426339285714285
14963,4.5624709230543665,0,0.008426339285714285
14964,4.4236389109161935,2,0.008463541666666666
14965,4.38349998778665,1,0.008482142857142856
14966,4.342771050908959,1,0.008482142857142856
14967,4.3996633342674425,0,0.008482142857142856
14968,4.455863398106326,0,0.008482142857142856
14969,4.512764957763112,0,0.008482142857142856
14970,4.5697970596701225,0,0.008482142857142856
14971,4.431438722180899,2,0.008407738095238095
14972,4.488238620119828,0,0.008407738095238095
14973,4.545342664704814,0,0.008407738095238095
14974,4.602710382931519,0,0.008407738095238095
14975,4.660333089051471,0,0.008407738095238095
14976,4.718160506010479,0,0.008407738095238095
14977,4.776132710339454,0,0.008407738095238095
14978,4.834208716005974,0,0.008407738095238095
14979,4.793964184819527,1,0.008426339285714285
14980,4.753875638757276,1,0.008407738095238095
14981,4.716678076788903,1,0.008407738095238095
14982,4.775121352480396,0,0.008407738095238095
14983,4.830810946909854,0,0.008407738095238095
14984,4.888810105305581,0,0.008407738095238095
14985,4.946789678642525,0,0.008407738095238095
14986,5.004746109113824,0,0.008407738095238095
14987,4.868395853723898,2,0.008426339285714285
14988,4.926430781328428,0,0.008426339285714285
14989,4.9845990950536185,0,0.008426339285714285
14990,4.944431103131329,1,0.008444940476190476
14991,4.9043419645091255,1,0.008482142857142856
14992,4.962729173478291,0,0.008482142857142856
14993,4.727062576976245,3,0.008482142857142856
14994,4.785613346023966,0,0.008482142857142856
14995,4.8441513748821725,0,0.008482142857142856
14996,4.609795883925982,3,0.008407738095238095
14997,4.572033479748955,1,0.008370535714285714
14998,4.6308612418156,0,0.008370535714285714
14999,4.591869565281297,1,0.008333333333333333
15000,4.650740345186563,0,0.008333333333333333
15001,4.611192810146646,1,0.008370535714285714
15002,4.669988596618147,0,0.008370535714285714
15003,4.72877834672954,0,0.008370535714285714
15004,4.691152142775199,1,0.008333333333333333
15005,4.652109226631842,1,0.008314732142857143
15006,4.710935328337576,0,0.008314732142857143
15007,4.6713174836237314,1,0.008296130952380952
15008,4.730138027267021,0,0.008296130952380952
15009,4.69050979225468,1,0.008333333333333333
15010,4.749291587190729,0,0.008333333333333333
15011,4.709622924524114,1,0.008370535714285714
15012,4.768386366565528,0,0.008370535714285714
15013,4.827119156300701,0,0.008370535714285714
15014,4.688507250962526,2,0.008333333333333333
15015,4.745592974306211,0,0.008333333333333333
15016,4.802725329621977,0,0.008333333333333333
15017,4.859883784672514,0,0.008333333333333333
15018,4.818710126572417,1,0.008314732142857143
15019,4.875812383661018,0,0.008314732142857143
15020,4.932939855133157,0,0.008314732142857143
15021,4.891609882297297,1,0.008258928571428572
15022,4.94884708310267,0,0.008258928571428572
15023,4.907808781438515,1,0.008296130952380952
15024,4.867532769498211,1,0.008296130952380952
15025,4.816167373440831,1,0.008240327380952381
15026,4.774068415434297,1,0.008240327380952381
15027,4.830457942872849,0,0.008240327380952381
15028,4.887027261595273,0,0.008240327380952381
15029,4.941822589392505,0,0.008240327380952381
15030,4.998537802268115,0,0.008240327380952381
15031,4.958156484850543,1,0.00822172619047619
15032,4.818060498468253,2,0.008203125
15033,4.77709481134945,1,0.008203125
15034,4.735446301387082,1,0.00816592261904762
15035,4.6942092975791585,1,0.00822172619047619
15036,4.7509998223943475,0,0.00822172619047619
15037,4.807798273353748,0,0.00822172619047619
15038,4.864595806585512,0,0.00822172619047619
15039,4.823027256811866,1,0.008203125
15040,4.783762819505954,1,0.008147321428571429
15041,4.741887181782492,1,0.008147321428571429
15042,4.798415955588901,0,0.008147321428571429
15043,4.65986612259916,2,0.00818452380952381
15044,4.618825683402955,1,0.00816592261904762
15045,4.674576875648848,0,0.00816592261904762
15046,4.7307953453919644,0,0.00816592261904762
15047,4.7852041529787614,0,0.00816592261904762
15048,4.545788143445878,3,0.008240327380952381
15049,4.503617989785693,1,0.008203125
15050,4.5599329465614735,0,0.008203125
15051,4.6164110849807045,0,0.008203125
15052,4.673125784658075,0,0.008203125
15053,4.536699144499631,2,0.008203125
15054,4.496426610467027,1,0.008240327380952381
15055,4.554090107533651,0,0.008240327380952381
15056,4.608377389885893,0,0.008240327380952381
15057,4.665875613928452,0,0.008240327380952381
15058,4.7234154778032,0,0.008240327380952381
15059,4.779289162746578,0,0.008240327380952381
15060,4.833620221912238,0,0.008240327380952381
15061,4.792000404535393,1,0.00822172619047619
15062,4.849009570657932,0,0.00822172619047619
15063,4.807396954489683,1,0.008258928571428572
15064,4.670255803189246,2,0.008277529761904762
15065,4.534294012591173,2,0.008277529761904762
15066,4.592147043597367,0,0.008277529761904762
15067,4.551813026847554,1,0.008333333333333333
15068,4.609743063632985,0,0.008333333333333333
15069,4.667788980495509,0,0.008333333333333333
15070,4.628638264323544,1,0.008314732142857143
15071,4.686834357490384,0,0.008314732142857143
15072,4.648646216938485,1,0.008277529761904762
15073,4.707080665273999,0,0.008277529761904762
15074,4.765526428701211,0,0.008277529761904762
15075,4.823974256437154,0,0.008277529761904762
15076,4.882416275673962,0,0.008277529761904762
15077,4.743616723651321,2,0.008296130952380952
15078,4.801793176728146,0,0.008296130952380952
15079,4.859955156810765,0,0.008296130952380952
15080,4.918099544453201,0,0.008296130952380952
15081,4.9762234957635565,0,0.008296130952380952
15082,4.935900068025521,1,0.008258928571428572
15083,4.994199912129975,0,0.008258928571428572
15084,4.955006349067889,1,0.008240327380952381
15085,5.013520434270415,0,0.008240327380952381
15086,4.973630394598423,1,0.008240327380952381
15087,5.032205823882037,0,0.008240327380952381
15088,4.992391221922309,1,0.00822172619047619
15089,4.853467625779437,2,0.008240327380952381
15090,4.911281580785124,0,0.008240327380952381
15091,4.9691086585767845,0,0.008240327380952381
15092,5.022775250807378,0,0.008240327380952381
15093,4.979952006403879,1,0.00822172619047619
15094,4.937640675416989,1,0.008203125
15095,4.797363979761169,2,0.00816592261904762
15096,4.8543440213300855,0,0.00816592261904762
15097,4.814356199718306,1,0.00822172619047619
15098,4.773403007510991,1,0.008258928571428572
15099,4.73279818969534,1,0.008314732142857143
15100,4.595785487408056,2,0.008314732142857143
15101,4.555782645227567,1,0.008296130952380952
15102,4.614377010845241,0,0.008296130952380952
15103,4.659968426268581,0,0.008296130952380952
15104,4.716276750484711,0,0.008296130952380952
15105,4.773180551015747,0,0.008296130952380952
15106,4.830416124469012,0,0.008296130952380952
15107,4.792074324919136,1,0.008314732142857143
15108,4.85009238843104,0,0.008314732142857143
15109,4.908277152507934,0,0.008314732142857143
15110,4.868319329223802,1,0.008277529761904762
15111,4.926791259748651,0,0.008277529761904762
15112,4.985309267922545,0,0.008277529761904762
15113,4.946735027594016,1,0.008240327380952381
15114,5.005329959412511,0,0.008240327380952381
15115,5.0639308539727015,0,0.008240327380952381
15116,5.122523897513636,0,0.008240327380952381
15117,5.181108947381236,0,0.008240327380952381
15118,5.239680622718436,0,0.008240327380952381
15119,5.199934237754362,1,0.00822172619047619
15120,5.258326255281412,0,0.00822172619047619
15121,5.218272657751762,1,0.00822172619047619
15122,5.276598065216518,0,0.00822172619047619
15123,5.04029380396173,3,0.00818452380952381
15124,5.098749008406988,0,0.00818452380952381
15125,5.157181081201349,0,0.00818452380952381
15126,5.019250773752133,2,0.008147321428571429
15127,4.880376938569989,2,0.008110119047619048
15128,4.741082473462049,2,0.00818452380952381
15129,4.700675052054297,1,0.00816592261904762
15130,4.659337549168954,1,0.00818452380952381
15131,4.716479069315381,0,0.00818452380952381
15132,4.773704379867795,0,0.00818452380952381
15133,4.636215261466408,2,0.008203125
15134,4.693615609153644,0,0.008203125
15135,4.751093254015583,0,0.008203125
15136,4.611748146656675,2,0.008203125
15137,4.4725531482017375,2,0.00822172619047619
15138,4.529128900237908,0,0.00822172619047619
15139,4.585733114889912,0,0.00822172619047619
15140,4.642354704013816,0,0.00822172619047619
15141,4.683776012482934,0,0.00822172619047619
15142,4.643303675122585,1,0.008240327380952381
15143,4.699970692183623,0,0.008240327380952381
15144,4.6597574418571845,1,0.008258928571428572
15145,4.61789176453939,1,0.008240327380952381
15146,4.576300373595096,1,0.008203125
15147,4.534882508059219,1,0.008147321428571429
15148,4.592011481963321,0,0.008147321428571429
15149,4.647996954516402,0,0.008147321428571429
15150,4.704617965732988,0,0.008147321428571429
15151,4.7612596412035755,0,0.008147321428571429
15152,4.720089738040373,1,0.008110119047619048
15153,4.678380110883963,1,0.008072916666666667
15154,4.735247690042545,0,0.008072916666666667
15155,4.786304056907535,0,0.008072916666666667
15156,4.842552632915933,0,0.008072916666666667
15157,4.80019112790303,1,0.008054315476190475
15158,4.752002566939746,1,0.008035714285714285
15159,4.514136320801355,3,0.008054315476190475
15160,4.570044833003683,0,0.008054315476190475
15161,4.626292374986429,0,0.008054315476190475
15162,4.3847039568674075,3,0.008054315476190475
15163,4.424767774594319,0,0.008054315476190475
15164,4.47832661216093,0,0.008054315476190475
15165,4.5341062122882,0,0.008054315476190475
15166,4.397078769862658,2,0.008091517857142858
15167,4.451960828600017,0,0.008091517857142858
15168,4.507059734975766,0,0.008091517857142858
15169,4.562457098076922,0,0.008091517857142858
15170,4.327004388625228,3,0.008091517857142858
15171,4.284780355733067,1,0.008110119047619048
15172,4.340581134387369,0,0.008110119047619048
15173,4.396492753885499,0,0.008110119047619048
15174,4.45248067566037,0,0.008110119047619048
15175,4.505745150572307,0,0.008110119047619048
15176,4.3656469329105825,2,0.008054315476190475
15177,4.421392801024574,0,0.008054315476190475
15178,4.477230364259086,0,0.008054315476190475
15179,4.533282708256,0,0.008054315476190475
15180,4.589555870399594,0,0.008054315476190475
15181,4.646046005656929,0,0.008054315476190475
15182,4.702710843243214,0,0.008054315476190475
15183,4.759496018118424,0,0.008054315476190475
15184,4.717940313231679,1,0.008110119047619048
15185,4.774899013766505,0,0.008110119047619048
15186,4.831895844163539,0,0.008110119047619048
15187,4.7905701860510455,1,0.008110119047619048
15188,4.847702923457942,0,0.008110119047619048
15189,4.904843423079937,0,0.008110119047619048
15190,4.957351783443316,0,0.008110119047619048
15191,4.818350025250619,2,0.00818452380952381
15192,4.776475006804174,1,0.008240327380952381
15193,4.827887530305933,0,0.008240327380952381
15194,4.785285992557473,1,0.008240327380952381
15195,4.841083740489142,0,0.008240327380952381
15196,4.897040307420309,0,0.008240327380952381
15197,4.9531509031996,0,0.008240327380952381
15198,4.91107608420509,1,0.00822172619047619
15199,4.772257179547518,2,0.008296130952380952
15200,4.829100059739507,0,0.008296130952380952
15201,4.787603311270996,1,0.008296130952380952
15202,4.747324282703919,1,0.008277529761904762
15203,4.707793950034132,1,0.008258928571428572
15204,4.765161659592671,0,0.008258928571428572
15205,4.822541799138921,0,0.008258928571428572
15206,4.879926783023932,0,0.008258928571428572
15207,4.741083707515806,2,0.008240327380952381
15208,4.797776703940308,0,0.008240327380952381
15209,4.756646182524463,1,0.00822172619047619
15210,4.716155019622072,1,0.00818452380952381
15211,4.7717689414723115,0,0.00818452380952381
15212,4.825193375285449,0,0.00818452380952381
15213,4.782571873470864,1,0.008203125
15214,4.640265614784095,2,0.008240327380952381
15215,4.595880554666354,1,0.008240327380952381
15216,4.650316965473822,0,0.008240327380952381
15217,4.705002022800456,0,0.008240327380952381
15218,4.760053884556381,0,0.008240327380952381
15219,4.619281540239963,2,0.008277529761904762
15220,4.576652883899791,1,0.008296130952380952
15221,4.632522501320023,0,0.008296130952380952
15222,4.591375920733089,1,0.008333333333333333
15223,4.646894097102166,0,0.008333333333333333
15224,4.702384748905223,0,0.008333333333333333
15225,4.658890979107203,1,0.008389136904761904
15226,4.709869809133784,0,0.008389136904761904
15227,4.665636559471577,1,0.008370535714285714
15228,4.719853758099768,0,0.008370535714285714
15229,4.675785983554729,1,0.008351934523809524
15230,4.631118689883476,1,0.008389136904761904
15231,4.482251211051963,2,0.008389136904761904
15232,4.438393177960211,1,0.008389136904761904
15233,4.492233985476574,0,0.008389136904761904
15234,4.546198623833799,0,0.008389136904761904
15235,4.600236058579245,0,0.008389136904761904
15236,4.557528930077612,1,0.008444940476190476
15237,4.514999652103743,1,0.008463541666666666
15238,4.471251733569747,1,0.008519345238095237
15239,4.428155635521509,1,0.008537946428571428
15240,4.483409707003627,0,0.008537946428571428
15241,4.538816112896409,0,0.008537946428571428
15242,4.5930061277556105,0,0.008537946428571428
15243,4.549804929320458,1,0.008500744047619047
15244,4.502649428421399,1,0.008519345238095237
15245,4.555794610602929,0,0.008519345238095237
15246,4.609748882744416,0,0.008519345238095237
15247,4.664151655438792,0,0.008519345238095237
15248,4.718832841739446,0,0.008519345238095237
15249,4.773698225375327,0,0.008519345238095237
15250,4.731283301905916,1,0.008537946428571428
15251,4.683050889276414,1,0.008537946428571428
15252,4.63942426294179,1,0.008500744047619047
15253,4.687739469336827,0,0.008500744047619047
15254,4.741837335053803,0,0.008500744047619047
15255,4.69770602711474,1,0.008500744047619047
15256,4.744051893552605,0,0.008500744047619047
15257,4.798312645514569,0,0.008500744047619047
15258,4.852931376211878,0,0.008500744047619047
15259,4.807418994551604,1,0.008482142857142856
15260,4.857382924202384,0,0.008482142857142856
15261,4.617302922673257,3,0.008537946428571428
15262,4.656718925952614,0,0.008537946428571428
15263,4.6128083869642325,1,0.008537946428571428
15264,4.666919049345297,0,0.008537946428571428
15265,4.527423641459407,2,0.00855654761904762
15266,4.288628542800588,3,0.008537946428571428
15267,4.14812765990003,2,0.00855654761904762
15268,4.202659118908292,0,0.00855654761904762
15269,4.252853574716841,0,0.00855654761904762
15270,4.212555995768129,1,0.00855654761904762
15271,4.260180196983718,0,0.00855654761904762
15272,4.122487607491331,2,0.008482142857142856
15273,4.177690594349237,0,0.008482142857142856
15274,4.233205813907928,0,0.008482142857142856
15275,4.2891690355770615,0,0.008482142857142856
15276,4.24390034844071,1,0.008519345238095237
15277,4.295635548020509,0,0.008519345238095237
15278,4.349678392822923,0,0.008519345238095237
15279,4.404591609603651,0,0.008519345238095237
15280,4.459983569451061,0,0.008519345238095237
15281,4.515890611066296,0,0.008519345238095237
15282,4.572116163884217,0,0.008519345238095237
15283,4.62858029791569,0,0.008519345238095237
15284,4.685292536144968,0,0.008519345238095237
15285,4.733046468434248,0,0.008519345238095237
15286,4.691559563704951,1,0.008500744047619047
15287,4.747848025496945,0,0.008500744047619047
15288,4.608501858910441,2,0.008426339285714285
15289,4.556883860189759,1,0.008426339285714285
15290,4.597726706566505,0,0.008426339285714285
15291,4.65182836968614,0,0.008426339285714285
15292,4.50978097729755,2,0.008426339285714285
15293,4.466551388055589,1,0.008444940476190476
15294,4.423558721547614,1,0.008426339285714285
15295,4.4791540097785845,0,0.008426339285714285
15296,4.342186141513365,2,0.008482142857142856
15297,4.29951731420112,1,0.008444940476190476
15298,4.354886200740151,0,0.008444940476190476
15299,4.310374509619474,1,0.008482142857142856
15300,4.362615786411022,0,0.008482142857142856
15301,4.4172606435501605,0,0.008482142857142856
15302,4.369283260464595,1,0.008500744047619047
15303,4.320693374049864,1,0.008463541666666666
15304,4.277311382066532,1,0.008463541666666666
15305,4.329989259833202,0,0.008463541666666666
15306,4.383944409364798,0,0.008463541666666666
15307,4.43822728383626,0,0.008463541666666666
15308,4.492740812322254,0,0.008463541666666666
15309,4.449453819262639,1,0.008444940476190476
15310,4.504710130640787,0,0.008444940476190476
15311,4.3657117768120495,2,0.008463541666666666
15312,4.414945272729147,0,0.008463541666666666
15313,4.373628535703583,1,0.008482142857142856
15314,4.429771038360254,0,0.008482142857142856
15315,4.480542773080041,0,0.008482142857142856
15316,4.5348770082737255,0,0.008482142857142856
15317,4.5901107268090415,0,0.008482142857142856
15318,4.547355674658816,1,0.008463541666666666
15319,4.602717752143763,0,0.008463541666666666
15320,4.6432679989091,0,0.008463541666666666
15321,4.698649291031231,0,0.008463541666666666
15322,4.754083766162879,0,0.008463541666666666
15323,4.71112423465701,1,0.008482142857142856
15324,4.668856454972558,1,0.008482142857142856
15325,4.6262675224272245,1,0.008537946428571428
15326,4.486716323946828,2,0.008612351190476191
15327,4.445692536539928,1,0.00855654761904762
15328,4.206577869571602,3,0.00855654761904762
15329,4.2546537606772015,0,0.00855654761904762
15330,4.309992685463208,0,0.00855654761904762
15331,4.3654191712387265,0,0.00855654761904762
15332,4.3237470196929335,1,0.00855654761904762
15333,4.37942506348988,0,0.00855654761904762
15334,4.435179315356003,0,0.00855654761904762
15335,4.39398264100743,1,0.00857514880952381
15336,4.250286556695434,2,0.00857514880952381
15337,4.207113728085752,1,0.00859375
15338,4.26290116238892,0,0.00859375
15339,4.221558540761776,1,0.008612351190476191
15340,4.1804542161035,1,0.008612351190476191
15341,4.236894888352341,0,0.008612351190476191
15342,4.195006617171347,1,0.008649553571428572
15343,4.155565829819525,1,0.008649553571428572
15344,4.212536312383472,0,0.008649553571428572
15345,4.264311303914672,0,0.008649553571428572
15346,4.224592389773365,1,0.008686755952380953
15347,4.281497410205662,0,0.008686755952380953
15348,4.338456656632951,0,0.008686755952380953
15349,4.297650111096632,1,0.008649553571428572
15350,4.354478735835762,0,0.008649553571428572
15351,4.411557842816475,0,0.008649553571428572
15352,4.468797861621911,0,0.008649553571428572
15353,4.427724686262111,1,0.008668154761904762
15354,4.475176448849711,0,0.008668154761904762
15355,4.529859296577228,0,0.008668154761904762
15356,4.484869886063606,1,0.008668154761904762
15357,4.540536006409439,0,0.008668154761904762
15358,4.596462440505973,0,0.008668154761904762
15359,4.652551755888872,0,0.008668154761904762
15360,4.604968887303219,1,0.008612351190476191
15361,4.5640815533713734,1,0.008612351190476191
15362,4.6200729051170155,0,0.008612351190476191
15363,4.676265532097294,0,0.008612351190476191
15364,4.6351658553763455,1,0.00859375
15365,4.4941566960414585,2,0.00855654761904762
15366,4.549524896656652,0,0.00855654761904762
15367,4.410706466262577,2,0.00857514880952381
15368,4.3690703081968465,1,0.00857514880952381
15369,4.221539065722514,2,0.00859375
15370,4.276636474208489,0,0.00859375
15371,4.331772201706701,0,0.00859375
15372,4.38693191929058,0,0.00859375
15373,4.4422521949864855,0,0.00859375
15374,4.402391721137658,1,0.008612351190476191
15375,4.458320462443659,0,0.008612351190476191
15376,4.514472975965899,0,0.008612351190476191
15377,4.570778176287848,0,0.008612351190476191
15378,4.62718984056126,0,0.008612351190476191
15379,4.683681111878535,0,0.008612351190476191
15380,4.641864733549232,1,0.008612351190476191
15381,4.5996884342511315,1,0.008630952380952382
15382,4.654891474367145,0,0.008630952380952382
15383,4.710420928396558,0,0.008630952380952382
15384,4.668403189511505,1,0.008612351190476191
15385,4.527886441841869,2,0.00859375
15386,4.485807849590912,1,0.00859375
15387,4.539873639754391,0,0.00859375
15388,4.594420734521291,0,0.00859375
15389,4.646919504277994,0,0.00859375
15390,4.69564525546031,0,0.00859375
15391,4.7502190778064,0,0.00859375
15392,4.804972785249664,0,0.00859375
15393,4.761504000635819,1,0.00859375
15394,4.80392416441371,0,0.00859375
15395,4.8588985114641146,0,0.00859375
15396,4.816071135735335,1,0.00855654761904762
15397,4.772550642194005,1,0.00855654761904762
15398,4.6321216906693685,2,0.00857514880952381
15399,4.68768652477899,0,0.00857514880952381
15400,4.743436182387041,0,0.00857514880952381
15401,4.702520043153171,1,0.008612351190476191
15402,4.758676143128414,0,0.008612351190476191
15403,4.7016199802567975,1,0.008668154761904762
15404,4.658882923796242,1,0.008630952380952382
15405,4.616369896190229,1,0.008649553571428572
15406,4.575177552905006,1,0.008630952380952382
15407,4.631301300043719,0,0.008630952380952382
15408,4.68762166683624,0,0.008630952380952382
15409,4.643793956960078,1,0.008630952380952382
15410,4.5915214757387215,1,0.00859375
15411,4.647018392422879,0,0.00859375
15412,4.70246554350254,0,0.00859375
15413,4.757844157051653,0,0.00859375
15414,4.813139810821894,0,0.00859375
15415,4.865520059126521,0,0.00859375
15416,4.920659509509039,0,0.00859375
15417,4.877445032610966,1,0.00855654761904762
15418,4.932777521633854,0,0.00855654761904762
15419,4.988401287826902,0,0.00855654761904762
15420,5.044220293566941,0,0.00855654761904762
15421,5.00174768721058,1,0.00855654761904762
15422,5.057874408639038,0,0.00855654761904762
15423,5.015908712562496,1,0.008519345238095237
15424,5.072139960068393,0,0.008519345238095237
15425,5.029451075920803,1,0.008482142857142856
15426,4.987560601090951,1,0.008482142857142856
15427,4.75009009527041,3,0.008519345238095237
15428,4.80521463865219,0,0.008519345238095237
15429,4.860370902596564,0,0.008519345238095237
15430,4.916174966993458,0,0.008519345238095237
15431,4.873714870378359,1,0.008519345238095237
15432,4.831431655938135,1,0.008500744047619047
15433,4.592334227253597,3,0.008500744047619047
15434,4.647630700095601,0,0.008500744047619047
15435,4.606202534877494,1,0.008482142857142856
15436,4.564665985770754,1,0.008482142857142856
15437,4.6205807359308135,0,0.008482142857142856
15438,4.479781861081996,2,0.008500744047619047
15439,4.535969008302561,0,0.008500744047619047
15440,4.592297656524736,0,0.008500744047619047
15441,4.648756450915161,0,0.008500744047619047
15442,4.70530893082279,0,0.008500744047619047
15443,4.566020329751014,2,0.00855654761904762
15444,4.623009139815415,0,0.00855654761904762
15445,4.5831151531059255,1,0.008500744047619047
15446,4.54383686474769,1,0.008444940476190476
15447,4.601260230152044,0,0.008444940476190476
15448,4.655971256448663,0,0.008444940476190476
15449,4.713025673360815,0,0.008444940476190476
15450,4.770091807830778,0,0.008444940476190476
15451,4.827187673093652,0,0.008444940476190476
15452,4.691385459510417,2,0.008444940476190476
15453,4.748841908304427,0,0.008444940476190476
15454,4.708098858229187,1,0.008482142857142856
15455,4.66294534542821,1,0.008537946428571428
15456,4.719269821190495,0,0.008537946428571428
15457,4.776543114604752,0,0.008537946428571428
15458,4.637138093464938,2,0.008612351190476191
15459,4.594885768842419,1,0.008630952380952382
15460,4.553468320797649,1,0.008649553571428572
15461,4.609407467863013,0,0.008649553571428572
15462,4.665482555711121,0,0.008649553571428572
15463,4.721914854687044,0,0.008649553571428572
15464,4.580487450245799,2,0.008668154761904762
15465,4.632855193079979,0,0.008668154761904762
15466,4.687257920131761,0,0.008668154761904762
15467,4.741960087259614,0,0.008668154761904762
15468,4.796905856046079,0,0.008668154761904762
15469,4.753618145352355,1,0.008668154761904762
15470,4.710581022757236,1,0.008668154761904762
15471,4.765501147843676,0,0.008668154761904762
15472,4.723816206761997,1,0.008668154761904762
15473,4.761230435998705,0,0.008668154761904762
15474,4.6053258142680535,2,0.008630952380952382
15475,4.560917793428635,1,0.008649553571428572
15476,4.615018303884449,0,0.008649553571428572
15477,4.472430044570554,2,0.008668154761904762
15478,4.527772630217167,0,0.008668154761904762
15479,4.484983184465329,1,0.008612351190476191
15480,4.443602238339861,1,0.008649553571428572
15481,4.401761083776167,1,0.008668154761904762
15482,4.362412241722344,1,0.008705357142857143
15483,4.4177809301010065,0,0.008705357142857143
15484,4.47326966762439,0,0.008705357142857143
15485,4.528845490773612,0,0.008705357142857143
15486,4.579361816705059,0,0.008705357142857143
15487,4.634550255505934,0,0.008705357142857143
15488,4.689767327826982,0,0.008705357142857143
15489,4.454202179968661,3,0.008705357142857143
15490,4.5096959414259015,0,0.008705357142857143
15491,4.465998166937845,1,0.008668154761904762
15492,4.517677293813891,0,0.008668154761904762
15493,4.375893703519986,2,0.008705357142857143
15494,4.430696355993498,0,0.008705357142857143
15495,4.287774463868673,2,0.008723958333333334
15496,4.341755624905297,0,0.008723958333333334
15497,4.387657386495598,0,0.008723958333333334
15498,4.343586776616308,1,0.008742559523809524
15499,4.395043679837848,0,0.008742559523809524
15500,4.448998804388445,0,0.008742559523809524
15501,4.40480012739554,1,0.008761160714285714
15502,4.360279398708252,1,0.008761160714285714
15503,4.315958622575645,1,0.008742559523809524
15504,4.369951226833074,0,0.008742559523809524
15505,4.326705414725157,1,0.008723958333333334
15506,4.1877516525915475,2,0.008686755952380953
15507,4.222595978686008,0,0.008686755952380953
15508,4.081680015278021,2,0.008649553571428572
15509,4.03760847768131,1,0.008612351190476191
15510,4.091965688023029,0,0.008612351190476191
15511,4.048955944321793,1,0.008612351190476191
15512,4.103528912410469,0,0.008612351190476191
15513,4.158314538867247,0,0.008612351190476191
15514,4.116168825300629,1,0.00857514880952381
15515,4.07745258588094,1,0.008537946428571428
15516,4.1325514310238765,0,0.008537946428571428
15517,4.1877023830292135,0,0.008537946428571428
15518,4.242962100918783,0,0.008537946428571428
15519,4.297192013114035,0,0.008537946428571428
15520,4.254647817085132,1,0.008482142857142856
15521,4.2111679077406245,1,0.008444940476190476
15522,4.26577227587729,0,0.008444940476190476
15523,4.315945372353448,0,0.008444940476190476
15524,4.370438430912711,0,0.008444940476190476
15525,4.42153067167821,0,0.008444940476190476
15526,4.4756166825418084,0,0.008444940476190476
15527,4.526147613470649,0,0.008444940476190476
15528,4.5777554417757305,0,0.008444940476190476
15529,4.629971716781005,0,0.008444940476190476
15530,4.682709046106087,0,0.008444940476190476
15531,4.535490941161798,2,0.008444940476190476
15532,4.47965789967006,1,0.008407738095238095
15533,4.432827420736831,1,0.008389136904761904
15534,4.38649267586173,1,0.008407738095238095
15535,4.3394786754278645,1,0.008463541666666666
15536,4.3910286953170345,0,0.008463541666666666
15537,4.4429396382612625,0,0.008463541666666666
15538,4.495112179474459,0,0.008463541666666666
15539,4.354644777277747,2,0.008500744047619047
15540,4.308139666818436,1,0.008500744047619047
15541,4.360530618893365,0,0.008500744047619047
15542,4.413227329288068,0,0.008500744047619047
15543,4.466129254131691,0,0.008500744047619047
15544,4.519177400077586,0,0.008500744047619047
15545,4.572334102215611,0,0.008500744047619047
15546,4.625573964855177,0,0.008500744047619047
15547,4.580454757415756,1,0.008482142857142856
15548,4.633804884023877,0,0.008482142857142856
15549,4.586596461731491,1,0.008463541666666666
15550,4.639914155586536,0,0.008463541666666666
15551,4.493431934769957,2,0.008426339285714285
15552,4.447940270645192,1,0.008444940476190476
15553,4.501471816514829,0,0.008444940476190476
15554,4.555140676628951,0,0.008444940476190476
15555,4.609547759044081,0,0.008444940476190476
15556,4.664056620929243,0,0.008444940476190476
15557,4.718744807345066,0,0.008444940476190476
15558,4.773537521859404,0,0.008444940476190476
15559,4.730120562312432,1,0.008444940476190476
15560,4.782216958316964,0,0.008444940476190476
15561,4.836907557660049,0,0.008444940476190476
15562,4.793426829337885,1,0.008426339285714285
15563,4.742411794941671,1,0.008426339285714285
15564,4.502998009339311,3,0.008519345238095237
15565,4.555532798235137,0,0.008519345238095237
15566,4.5105367978907696,1,0.008519345238095237
15567,4.560500431986224,0,0.008519345238095237
15568,4.61303793672055,0,0.008519345238095237
15569,4.6657922550782605,0,0.008519345238095237
15570,4.523871378428765,2,0.008537946428571428
15571,4.478594246337477,1,0.008519345238095237
15572,4.336411336406325,2,0.008444940476190476
15573,4.390336675072543,0,0.008444940476190476
15574,4.444489334732204,0,0.008444940476190476
15575,4.4004932130322585,1,0.008482142857142856
15576,4.4549478973418815,0,0.008482142857142856
15577,4.509606491325388,0,0.008482142857142856
15578,4.562884697058557,0,0.008482142857142856
15579,4.617265430244017,0,0.008482142857142856
15580,4.666193074755387,0,0.008482142857142856
15581,4.6238865030933605,1,0.008463541666666666
15582,4.677615574455612,0,0.008463541666666666
15583,4.632896770833679,1,0.008444940476190476
15584,4.589479480352416,1,0.008389136904761904
15585,4.546413396365655,1,0.008370535714285714
15586,4.503127806374905,1,0.008351934523809524
15587,4.458101600789708,1,0.008389136904761904
15588,4.5117877516465485,0,0.008389136904761904
15589,4.565603376350275,0,0.008389136904761904
15590,4.619508106212849,0,0.008389136904761904
15591,4.575231032271035,1,0.008389136904761904
15592,4.629283903300607,0,0.008389136904761904
15593,4.485018366862098,2,0.008389136904761904
15594,4.441104710570151,1,0.008370535714285714
15595,4.493766560860945,0,0.008370535714285714
15596,4.449012785542283,1,0.008333333333333333
15597,4.5023260273417325,0,0.008333333333333333
15598,4.555822300070713,0,0.008333333333333333
15599,4.412922351820087,2,0.008351934523809524
15600,4.466907727075735,0,0.008351934523809524
15601,4.325281981945034,2,0.008389136904761904
15602,4.3792827662569325,0,0.008389136904761904
15603,4.432293835557361,0,0.008389136904761904
15604,4.290803717767748,2,0.008407738095238095
15605,4.25228873390885,1,0.008426339285714285
15606,4.306742420306869,0,0.008426339285714285
15607,4.361237712224598,0,0.008426339285714285
15608,4.415762354822937,0,0.008426339285714285
15609,4.273620027262556,2,0.008389136904761904
15610,4.327869354964427,0,0.008389136904761904
15611,4.382221032005135,0,0.008389136904761904
15612,4.225737271588263,2,0.008426339285714285
15613,4.280136402450337,0,0.008426339285714285
15614,4.334523769558222,0,0.008426339285714285
15615,4.389025874189762,0,0.008426339285714285
15616,4.443842535361217,0,0.008426339285714285
15617,4.498853143687834,0,0.008426339285714285
15618,4.34974223819074,2,0.008500744047619047
15619,4.30641641831128,1,0.008519345238095237
15620,4.256218718054771,1,0.008463541666666666
15621,4.308583599833258,0,0.008463541666666666
15622,4.361967534470015,0,0.008463541666666666
15623,4.415871875004395,0,0.008463541666666666
15624,4.260651091767252,2,0.008482142857142856
15625,4.315036508608754,0,0.008482142857142856
15626,4.369494466466162,0,0.008482142857142856
15627,4.325590153663665,1,0.008463541666666666
15628,4.380094414118761,0,0.008463541666666666
15629,4.341321754923357,1,0.008482142857142856
15630,4.396096741240318,0,0.008482142857142856
15631,4.353054529147481,1,0.008463541666666666
15632,4.402910900020754,0,0.008463541666666666
15633,4.456197993878698,0,0.008463541666666666
15634,4.509451647096466,0,0.008463541666666666
15635,4.46606284592393,1,0.008482142857142856
15636,4.51937027026357,0,0.008482142857142856
15637,4.572807311979567,0,0.008482142857142856
15638,4.626432155464871,0,0.008482142857142856
15639,4.6802047118836505,0,0.008482142857142856
15640,4.63580377902691,1,0.008519345238095237
15641,4.39828132933691,3,0.008463541666666666
15642,4.259047865581692,2,0.008426339285714285
15643,4.215266528690361,1,0.008444940476190476
15644,4.269999658160552,0,0.008444940476190476
15645,4.228213799802957,1,0.008407738095238095
15646,4.2830697783425,0,0.008407738095238095
15647,4.2424673026765705,1,0.008463541666666666
15648,4.296904270749323,0,0.008463541666666666
15649,4.351373704052888,0,0.008463541666666666
15650,4.401241828174772,0,0.008463541666666666
15651,4.4552708878945175,0,0.008463541666666666
15652,4.509312164503461,0,0.008463541666666666
15653,4.563019928591348,0,0.008463541666666666
15654,4.5190112029964515,1,0.008426339285714285
15655,4.571663047041739,0,0.008426339285714285
15656,4.527515433162643,1,0.008444940476190476
15657,4.484786439743613,1,0.008426339285714285
15658,4.422959510029345,1,0.008407738095238095
15659,4.279603185794525,2,0.008370535714285714
15660,4.3326633908128915,0,0.008370535714285714
15661,4.278241807733363,1,0.008370535714285714
15662,4.331519131868893,0,0.008370535714285714
15663,4.369781069728987,0,0.008370535714285714
15664,4.423266284251941,0,0.008370535714285714
15665,4.476831831583227,0,0.008370535714285714
15666,4.530439118364324,0,0.008370535714285714
15667,4.489929648549979,1,0.008370535714285714
15668,4.543272460658818,0,0.008370535714285714
15669,4.50003614023427,1,0.008351934523809524
15670,4.554089287575085,0,0.008351934523809524
15671,4.409369834774728,2,0.008333333333333333
15672,4.26183830716948,2,0.008333333333333333
15673,4.219292140302371,1,0.008351934523809524
15674,4.174975054568539,1,0.008314732142857143
15675,4.031729206757754,2,0.008296130952380952
15676,3.9886378942830647,1,0.008333333333333333
15677,3.944520100817748,1,0.008277529761904762
15678,3.997921388370438,0,0.008277529761904762
15679,4.052504430405803,0,0.008277529761904762
15680,4.008755432870725,1,0.008314732142857143
15681,4.063534174266113,0,0.008314732142857143
15682,4.118364813177988,0,0.008314732142857143
15683,4.076087941125894,1,0.008314732142857143
15684,4.131127779089514,0,0.008314732142857143
15685,4.186319825111794,0,0.008314732142857143
15686,4.2416116658661505,0,0.008314732142857143
15687,4.198546834814533,1,0.008333333333333333
15688,4.253985294836715,0,0.008333333333333333
15689,4.30945430781444,0,0.008333333333333333
15690,4.364942481503261,0,0.008333333333333333
15691,4.420440805604927,0,0.008333333333333333
15692,4.4759419640135025,0,0.008333333333333333
15693,4.5314397208700266,0,0.008333333333333333
15694,4.58692721505891,0,0.008333333333333333
15695,4.642400805496178,0,0.008333333333333333
15696,4.697855799120557,0,0.008333333333333333
15697,4.655106840513249,1,0.008296130952380952
15698,4.710628127327856,0,0.008296130952380952
15699,4.766123956695136,0,0.008296130952380952
15700,4.529326113547759,3,0.00822172619047619
15701,4.48699236655414,1,0.008203125
15702,4.541702035004036,0,0.008203125
15703,4.5009135628629044,1,0.00822172619047619
15704,4.55614839897492,0,0.00822172619047619
15705,4.611351970213108,0,0.00822172619047619
15706,4.568119886667254,1,0.008240327380952381
15707,4.52545396760991,1,0.008240327380952381
15708,4.58008183713769,0,0.008240327380952381
15709,4.634977364573614,0,0.008240327380952381
15710,4.690042647354802,0,0.008240327380952381
15711,4.64801282439278,1,0.00822172619047619
15712,4.606107239252234,1,0.00818452380952381
15713,4.661475606477323,0,0.00818452380952381
15714,4.716878103154503,0,0.00818452380952381
15715,4.575878787190894,2,0.00818452380952381
15716,4.529380259140316,1,0.00818452380952381
15717,4.48562526382278,1,0.00816592261904762
15718,4.442089859000255,1,0.008203125
15719,4.495970741533057,0,0.008203125
15720,4.550585691634554,0,0.008203125
15721,4.605212964434512,0,0.008203125
15722,4.660011058553589,0,0.008203125
15723,4.71490164015656,0,0.008203125
15724,4.7698568993465065,0,0.008203125
15725,4.7264171811688716,1,0.008203125
15726,4.781611830758502,0,0.008203125
15727,4.742189344237988,1,0.008203125
15728,4.699296473554492,1,0.00822172619047619
15729,4.754893733083875,0,0.00822172619047619
15730,4.712094265109462,1,0.008240327380952381
15731,4.767761883652993,0,0.008240327380952381
15732,4.823435663989935,0,0.008240327380952381
15733,4.782162378367442,1,0.00822172619047619
15734,4.8379055192025255,0,0.00822172619047619
15735,4.79555397328956,1,0.008203125
15736,4.752945341190781,1,0.00822172619047619
15737,4.709746405137085,1,0.008240327380952381
15738,4.568286515393013,2,0.008333333333333333
15739,4.429234522892356,2,0.008314732142857143
15740,4.385172258949975,1,0.008351934523809524
15741,4.4391673005800945,0,0.008351934523809524
15742,4.493167642477628,0,0.008351934523809524
15743,4.547253120352643,0,0.008351934523809524
15744,4.601425239329423,0,0.008351934523809524
15745,4.65565651459432,0,0.008351934523809524
15746,4.706454268109717,0,0.008351934523809524
15747,4.660563455469528,1,0.008351934523809524
15748,4.709647868501052,0,0.008351934523809524
15749,4.762739152164993,0,0.008351934523809524
15750,4.707827806880367,1,0.008351934523809524
15751,4.659020409413784,1,0.008333333333333333
15752,4.711415216222541,0,0.008333333333333333
15753,4.665835021944546,1,0.008314732142857143
15754,4.622198447102295,1,0.008314732142857143
15755,4.675714770730371,0,0.008314732142857143
15756,4.631725643609206,1,0.008333333333333333
15757,4.587154721352906,1,0.008351934523809524
15758,4.542766601090699,1,0.008333333333333333
15759,4.497349737761897,1,0.008333333333333333
15760,4.438899555862694,1,0.008370535714285714
15761,4.4919147376911095,0,0.008370535714285714
15762,4.5450794394367255,0,0.008370535714285714
15763,4.598346926500552,0,0.008370535714285714
15764,4.554093117673802,1,0.008333333333333333
15765,4.508849814555462,1,0.008389136904761904
15766,4.56216457362623,0,0.008389136904761904
15767,4.41903516443388,2,0.008444940476190476
15768,4.473077923132856,0,0.008444940476190476
15769,4.527159192964905,0,0.008444940476190476
15770,4.48284491886524,1,0.008463541666666666
15771,4.437503911634627,1,0.008500744047619047
15772,4.491118114728956,0,0.008500744047619047
15773,4.5448396071058275,0,0.008500744047619047
15774,4.500807584043513,1,0.008463541666666666
15775,4.554783800298219,0,0.008463541666666666
15776,4.608894401036888,0,0.008463541666666666
15777,4.564278967684352,1,0.008519345238095237
15778,4.520174642050044,1,0.00855654761904762
15779,4.47953590045377,1,0.00855654761904762
15780,4.435868010678208,1,0.00857514880952381
15781,4.490172689166392,0,0.00857514880952381
15782,4.527141619356065,0,0.00857514880952381
15783,4.580958815243287,0,0.00857514880952381
15784,4.536428584653342,1,0.00855654761904762
15785,4.390160715249662,2,0.008519345238095237
15786,4.248137763974677,2,0.00855654761904762
15787,4.29915137129299,0,0.00855654761904762
15788,4.346497515899422,0,0.00855654761904762
15789,4.399394609070936,0,0.00855654761904762
15790,4.241215830327412,2,0.008537946428571428
15791,4.2939266939236775,0,0.008537946428571428
15792,4.346916305957652,0,0.008537946428571428
15793,4.4001772678987825,0,0.008537946428571428
15794,4.451406430676474,0,0.008537946428571428
15795,4.406781398956512,1,0.00859375
15796,4.459947279624289,0,0.00859375
15797,4.417028478445943,1,0.00857514880952381
15798,4.470716727026073,0,0.00857514880952381
15799,4.524747738297966,0,0.00857514880952381
15800,4.578989635285906,0,0.00857514880952381
15801,4.535128098752284,1,0.00855654761904762
15802,4.589625104965276,0,0.00855654761904762
15803,4.6441779904147635,0,0.00855654761904762
15804,4.698764558535254,0,0.00855654761904762
15805,4.753368124510486,0,0.00855654761904762
15806,4.612570388802911,2,0.008482142857142856
15807,4.3720301297802004,3,0.00855654761904762
15808,4.2299519390924685,2,0.00859375
15809,4.186404123850245,1,0.00859375
15810,4.241443828948189,0,0.00859375
15811,4.295840462042321,0,0.00859375
15812,4.344264545727505,0,0.00859375
15813,4.395634566329848,0,0.00859375
15814,4.449414108542538,0,0.00859375
15815,4.503256638963127,0,0.00859375
15816,4.557147029757626,0,0.00859375
15817,4.611221777779986,0,0.00859375
15818,4.66545932225489,0,0.00859375
15819,4.719900017658971,0,0.00859375
15820,4.580313291981825,2,0.008649553571428572
15821,4.634544851810491,0,0.008649553571428572
15822,4.590431029174219,1,0.008649553571428572
15823,4.5351815436648675,1,0.008668154761904762
15824,4.391386292521975,2,0.008668154761904762
15825,4.346275458640677,1,0.008705357142857143
15826,4.301857721050974,1,0.008723958333333334
15827,4.355314443524955,0,0.008723958333333334
15828,4.409046772977619,0,0.008723958333333334
15829,4.46302596485759,0,0.008723958333333334
15830,4.5173158131539335,0,0.008723958333333334
15831,4.571783778592882,0,0.008723958333333334
15832,4.530304695864066,1,0.008761160714285714
15833,4.585295074909414,0,0.008761160714285714
15834,4.54491134788591,1,0.008761160714285714
15835,4.501104834119814,1,0.008742559523809524
15836,4.555798030233808,0,0.008742559523809524
15837,4.413661166749412,2,0.008723958333333334
15838,4.468466928014379,0,0.008723958333333334
15839,4.326291533172154,2,0.008779761904761905
15840,4.188080820803144,2,0.008686755952380953
15841,4.14347893679164,1,0.008723958333333334
15842,4.19674854786192,0,0.008723958333333334
15843,4.054910454223813,2,0.008686755952380953
15844,4.008286750664397,1,0.008705357142857143
15845,3.9632133793271334,1,0.008723958333333334
15846,3.912633262371557,1,0.008723958333333334
15847,3.965357874125949,0,0.008723958333333334
15848,4.018414271294998,0,0.008723958333333334
15849,3.8791401007933364,2,0.008723958333333334
15850,3.9325881931530167,0,0.008723958333333334
15851,3.9860117975245926,0,0.008723958333333334
15852,4.039817658129618,0,0.008723958333333334
15853,3.9744812796001323,1,0.008742559523809524
15854,3.91165764347733,1,0.008723958333333334
15855,3.960977846488238,0,0.008723958333333334
15856,4.008976062541787,0,0.008723958333333334
15857,4.054251251445292,0,0.008723958333333334
15858,4.0125604546848335,1,0.008723958333333334
15859,4.065577921314873,0,0.008723958333333334
15860,4.118896702795502,0,0.008723958333333334
15861,4.172735483294673,0,0.008723958333333334
15862,4.222104203842821,0,0.008723958333333334
15863,4.17763570077215,1,0.008779761904761905
15864,4.231904662182492,0,0.008779761904761905
15865,4.279318282107648,0,0.008779761904761905
15866,4.235086207656643,1,0.008779761904761905
15867,4.0926232777764096,2,0.008854166666666666
15868,4.147441041381377,0,0.008854166666666666
15869,4.103924616496437,1,0.008798363095238095
15870,4.159024185704052,0,0.008798363095238095
15871,4.214319444412109,0,0.008798363095238095
15872,4.269732254505697,0,0.008798363095238095
15873,4.325218057294808,0,0.008798363095238095
15874,4.380748717814413,0,0.008798363095238095
15875,4.422184522078115,0,0.008798363095238095
15876,4.477157534816515,0,0.008798363095238095
15877,4.433738370326054,1,0.008761160714285714
15878,4.293092383391611,2,0.008779761904761905
15879,4.347191446607045,0,0.008779761904761905
15880,4.3050876419915145,1,0.008779761904761905
15881,4.261136901122081,1,0.008816964285714286
15882,4.315307627883541,0,0.008816964285714286
15883,4.271298144984643,1,0.008854166666666666
15884,4.227217875248019,1,0.008816964285714286
15885,4.281382322478322,0,0.008816964285714286
15886,4.335615688416989,0,0.008816964285714286
15887,4.387745946764441,0,0.008816964285714286
15888,4.4415793474556855,0,0.008816964285714286
15889,4.495420802805275,0,0.008816964285714286
15890,4.549263881426039,0,0.008816964285714286
15891,4.40760464261393,2,0.008798363095238095
15892,4.461445955454184,0,0.008798363095238095
15893,4.416241305889127,1,0.008835565476190476
15894,4.469646297081793,0,0.008835565476190476
15895,4.425391568890145,1,0.008816964285714286
15896,4.377513390085124,1,0.008779761904761905
15897,4.430945769389377,0,0.008779761904761905
15898,4.48446897913615,0,0.008779761904761905
15899,4.4408236933478795,1,0.008761160714285714
15900,4.494622241689684,0,0.008761160714285714
15901,4.450295839781182,1,0.008816964285714286
15902,4.406902185132323,1,0.008835565476190476
15903,4.4615299646341215,0,0.008835565476190476
15904,4.516253812845367,0,0.008835565476190476
15905,4.472810157599822,1,0.008872767857142857
15906,4.524036038578096,0,0.008872767857142857
15907,4.57848945928978,0,0.008872767857142857
15908,4.537617510834141,1,0.008872767857142857
15909,4.5927225985290905,0,0.008872767857142857
15910,4.647820642304293,0,0.008872767857142857
15911,4.702906154410143,0,0.008872767857142857
15912,4.7579743120806395,0,0.008872767857142857
15913,4.813020801256301,0,0.008872767857142857
15914,4.76929426584301,1,0.008909970238095238
15915,4.823772278913825,0,0.008909970238095238
15916,4.878221481287054,0,0.008909970238095238
15917,4.834239420449077,1,0.008947172619047618
15918,4.888633862406321,0,0.008947172619047618
15919,4.845228410253826,1,0.008947172619047618
15920,4.899671431629795,0,0.008947172619047618
15921,4.759466909769187,2,0.00900297619047619
15922,4.715777522814964,1,0.00900297619047619
15923,4.673003592483228,1,0.008984375
15924,4.432992022684512,3,0.008984375
15925,4.486613044281699,0,0.008984375
15926,4.445397671801259,1,0.008947172619047618
15927,4.499293175536349,0,0.008947172619047618
15928,4.553204822141604,0,0.008947172619047618
15929,4.607117031967027,0,0.008947172619047618
15930,4.6610166206881765,0,0.008947172619047618
15931,4.51919268345234,2,0.008928571428571428
15932,4.572654572488338,0,0.008928571428571428
15933,4.429521872001523,2,0.008909970238095238
15934,4.380519152031548,1,0.008928571428571428
15935,4.433463309131847,0,0.008928571428571428
15936,4.475260850175479,0,0.008928571428571428
15937,4.428823672497155,1,0.008947172619047618
15938,4.480293527374882,0,0.008947172619047618
15939,4.531789598905131,0,0.008947172619047618
15940,4.485056608113857,1,0.008947172619047618
15941,4.536996101441006,0,0.008947172619047618
15942,4.589278263820681,0,0.008947172619047618
15943,4.641785775736457,0,0.008947172619047618
15944,4.498922240131256,2,0.008928571428571428
15945,4.551872429360757,0,0.008928571428571428
15946,4.604974495571401,0,0.008928571428571428
15947,4.6581820881336435,0,0.008928571428571428
15948,4.711467897525043,0,0.008928571428571428
15949,4.764888344371909,0,0.008928571428571428
15950,4.719915614971075,1,0.008947172619047618
15951,4.773423265548431,0,0.008947172619047618
15952,4.532158893583578,3,0.008965773809523809
15953,4.4904541928046715,1,0.008928571428571428
15954,4.4466670497646055,1,0.008891369047619047
15955,4.499396085214662,0,0.008891369047619047
15956,4.453767145365122,1,0.008854166666666666
15957,4.403885495687755,1,0.008854166666666666
15958,4.456253193429369,0,0.008854166666666666
15959,4.508671684683204,0,0.008854166666666666
15960,4.56111782365179,0,0.008854166666666666
15961,4.420755380375353,2,0.008835565476190476
15962,4.472886492921376,0,0.008835565476190476
15963,4.4270689494315265,1,0.008891369047619047
15964,4.479100042692716,0,0.008891369047619047
15965,4.337898416325408,2,0.008891369047619047
15966,4.389854362057526,0,0.008891369047619047
15967,4.3393067650550305,1,0.008891369047619047
15968,4.390905753966595,0,0.008891369047619047
15969,4.442579996550877,0,0.008891369047619047
15970,4.49193260409827,0,0.008891369047619047
15971,4.543229447389476,0,0.008891369047619047
15972,4.594555491514701,0,0.008891369047619047
15973,4.252148337174909,4,0.008872767857142857
15974,4.205195870378332,1,0.008891369047619047
15975,4.060829726423761,2,0.008891369047619047
15976,4.112290254680952,0,0.008891369047619047
15977,4.164165619782985,0,0.008891369047619047
15978,4.216092554863247,0,0.008891369047619047
15979,4.268094849732783,0,0.008891369047619047
15980,4.3201329558455175,0,0.008891369047619047
15981,4.372180254782753,0,0.008891369047619047
15982,4.4242292576893405,0,0.008891369047619047
15983,4.476273680766081,0,0.008891369047619047
15984,4.42065496502748,1,0.008835565476190476
15985,4.471765238391875,0,0.008835565476190476
15986,4.424548535090427,1,0.008798363095238095
15987,4.376692351169658,1,0.008798363095238095
15988,4.426622996884683,0,0.008798363095238095
15989,4.476792505059735,0,0.008798363095238095
15990,4.330954269438772,2,0.008761160714285714
15991,4.381721009926036,0,0.008761160714285714
15992,4.334345719136874,1,0.008723958333333334
15993,4.385832252097656,0,0.008723958333333334
15994,4.437622171537049,0,0.008723958333333334
15995,4.392174298972296,1,0.008723958333333334
15996,4.4434168412167985,0,0.008723958333333334
15997,4.494753855763562,0,0.008723958333333334
15998,4.350233181309949,2,0.008686755952380953
15999,4.304271542152856,1,0.008649553571428572
16000,4.355499224946812,0,0.008649553571428572
16001,4.3083445984964035,1,0.008649553571428572
16002,4.359805750447182,0,0.008649553571428572
16003,4.215217260762865,2,0.008686755952380953
16004,4.266424315379959,0,0.008686755952380953
16005,4.30792413538463,0,0.008686755952380953
16006,4.353275675829167,0,0.008686755952380953
16007,4.305576961667328,1,0.008649553571428572
16008,4.355251083691773,0,0.008649553571428572
16009,4.405045575997452,0,0.008649553571428572
16010,4.356675954891207,1,0.008630952380952382
16011,4.308849847730551,1,0.00857514880952381
16012,4.261366709685414,1,0.008537946428571428
16013,4.312598681749673,0,0.008537946428571428
16014,4.364001123812477,0,0.008537946428571428
16015,4.317110332536894,1,0.008519345238095237
16016,4.264298511236126,1,0.008537946428571428
16017,4.3151205169480455,0,0.008537946428571428
16018,4.268125481434529,1,0.008519345238095237
16019,4.319005754542201,0,0.008519345238095237
16020,4.271522615382794,1,0.00857514880952381
16021,4.129746184827554,2,0.00857514880952381
16022,4.084991236246932,1,0.008519345238095237
16023,4.136301237820984,0,0.008519345238095237
16024,4.089583321419488,1,0.008500744047619047
16025,4.141148011948972,0,0.008500744047619047
16026,4.1928081310339085,0,0.008500744047619047
16027,4.244532414123208,0,0.008500744047619047
16028,4.293770442013998,0,0.008500744047619047
16029,4.1497242684503535,2,0.008519345238095237
16030,4.102877541103967,1,0.00855654761904762
16031,4.057316168293651,1,0.008612351190476191
16032,4.010509473637986,1,0.00855654761904762
16033,3.864055644239258,2,0.008519345238095237
16034,3.8180976169574112,1,0.00855654761904762
16035,3.8695177921900052,0,0.00855654761904762
16036,3.8222496506840375,1,0.008612351190476191
16037,3.8741433974704207,0,0.008612351190476191
16038,3.8291901884648945,1,0.008612351190476191
16039,3.7806975484090803,1,0.00857514880952381
16040,3.8259632894934956,0,0.00857514880952381
16041,3.872685421036532,0,0.00857514880952381
16042,3.923564487073502,0,0.00857514880952381
16043,3.876154659713923,1,0.008612351190476191
16044,3.9274357808038998,0,0.008612351190476191
16045,3.964331167179342,0,0.008612351190476191
16046,3.9168982668767067,1,0.008630952380952382
16047,3.9671778971300613,0,0.008630952380952382
16048,3.919600943969732,1,0.008630952380952382
16049,3.97030292164588,0,0.008630952380952382
16050,3.922700524225364,1,0.008686755952380953
16051,3.9738948881869463,0,0.008686755952380953
16052,4.025365549803948,0,0.008686755952380953
16053,4.077019028864638,0,0.008686755952380953
16054,4.127676110526929,0,0.008686755952380953
16055,4.179131576591707,0,0.008686755952380953
16056,4.132786673660317,1,0.008705357142857143
16057,4.1843343114908365,0,0.008705357142857143
16058,4.235927705163287,0,0.008705357142857143
16059,4.2876720281074645,0,0.008705357142857143
16060,4.243183502522652,1,0.008705357142857143
16061,4.196881133316914,1,0.008723958333333334
16062,4.150691295398572,1,0.008761160714285714
16063,4.203024687664419,0,0.008761160714285714
16064,4.1560200932575055,1,0.008779761904761905
16065,4.207860362342997,0,0.008779761904761905
16066,4.161871137586039,1,0.008761160714285714
16067,4.115618919402047,1,0.008761160714285714
16068,4.069450450464313,1,0.008723958333333334
16069,4.121267949514986,0,0.008723958333333334
16070,4.075779136026582,1,0.008686755952380953
16071,4.0307621229094615,1,0.008649553571428572
16072,3.985268863966722,1,0.008686755952380953
16073,4.036702351329089,0,0.008686755952380953
16074,3.988589342465604,1,0.008649553571428572
16075,3.9437982873739075,1,0.00859375
16076,3.9949521914807544,0,0.00859375
16077,4.0461104309749105,0,0.00859375
16078,4.097269372358542,0,0.00859375
16079,4.141197464569347,0,0.00859375
16080,4.191876096811725,0,0.00859375
16081,4.242542017227389,0,0.00859375
16082,4.293193294095987,0,0.00859375
16083,4.343829672194901,0,0.00859375
16084,4.394550153814027,0,0.00859375
16085,4.348133860074389,1,0.00857514880952381
16086,4.399316038591543,0,0.00857514880952381
16087,4.352815066719802,1,0.008537946428571428
16088,4.305837158010577,1,0.008537946428571428
16089,4.259147184154952,1,0.008519345238095237
16090,4.209344585673603,1,0.008537946428571428
16091,4.260249982848586,0,0.008537946428571428
16092,4.212792148167523,1,0.00855654761904762
16093,4.263787397690944,0,0.00855654761904762
16094,4.314711268552742,0,0.00855654761904762
16095,4.364454391867796,0,0.00855654761904762
16096,4.411862451891861,0,0.00855654761904762
16097,4.363438528657509,1,0.00859375
16098,4.3158944748015635,1,0.00855654761904762
16099,4.267983252586771,1,0.00855654761904762
16100,4.318669760097803,0,0.00855654761904762
16101,4.369460283539854,0,0.00855654761904762
16102,4.420328701515385,0,0.00855654761904762
16103,4.365966737708245,1,0.008519345238095237
16104,4.416672590178802,0,0.008519345238095237
16105,4.370325358931076,1,0.00855654761904762
16106,4.3221701359817875,1,0.00855654761904762
16107,4.372368764977645,0,0.00855654761904762
16108,4.422704009225281,0,0.00855654761904762
16109,4.180034476882593,3,0.008537946428571428
16110,4.0349306876858835,2,0.008519345238095237
16111,4.085211040788177,0,0.008519345238095237
16112,4.1220917529886165,0,0.008519345238095237
16113,4.170464553732331,0,0.008519345238095237
16114,4.219903740375818,0,0.008519345238095237
16115,4.269428653673017,0,0.008519345238095237
16116,4.2205232109260695,1,0.008500744047619047
16117,4.269596290159334,0,0.008500744047619047
16118,4.220344033754786,1,0.008482142857142856
16119,4.171338632581199,1,0.008519345238095237
16120,4.1225428378589415,1,0.00855654761904762
16121,4.172327022530627,0,0.00855654761904762
16122,4.220273997268714,0,0.00855654761904762
16123,4.171385726682553,1,0.008537946428571428
16124,4.221037615468813,0,0.008537946428571428
16125,4.268733553803796,0,0.008537946428571428
16126,4.317067691078678,0,0.008537946428571428
16127,4.0716701349686275,3,0.008537946428571428
16128,4.12029547728365,0,0.008537946428571428
16129,4.155191925375321,0,0.008537946428571428
16130,4.203458474069574,0,0.008537946428571428
16131,4.2518120969847155,0,0.008537946428571428
16132,4.201298794292271,1,0.00859375
16133,4.151378311512198,1,0.008612351190476191
16134,4.1999258586091655,0,0.008612351190476191
16135,4.2485442688191934,0,0.008612351190476191
16136,4.29729307549713,0,0.008612351190476191
16137,4.338658501505755,0,0.008612351190476191
16138,4.387094010022345,0,0.008612351190476191
16139,4.238789402455289,2,0.008612351190476191
16140,4.091589106785058,2,0.008612351190476191
16141,4.042144154208632,1,0.00857514880952381
16142,3.9944525427626383,1,0.00857514880952381
16143,4.043221029671142,0,0.00857514880952381
16144,3.9951538774684865,1,0.00855654761904762
16145,4.040146995414059,0,0.00855654761904762
16146,4.088496296739032,0,0.00855654761904762
16147,4.136817541631772,0,0.00855654761904762
16148,4.185108643121804,0,0.00855654761904762
16149,4.227363440878159,0,0.00855654761904762
16150,4.17504124639124,1,0.00859375
16151,4.222212699414788,0,0.00859375
16152,4.269913483331776,0,0.00859375
16153,4.317940920915255,0,0.00859375
16154,4.36619538813751,0,0.00859375
16155,4.414621341664638,0,0.00859375
16156,4.352989678406933,1,0.00859375
16157,4.20468479475521,2,0.008612351190476191
16158,4.057630953897007,2,0.00855654761904762
16159,4.106157205139476,0,0.00855654761904762
16160,4.15474478278524,0,0.00855654761904762
16161,4.20353391442669,0,0.00855654761904762
16162,4.252588776164931,0,0.00855654761904762
16163,4.2040858921338256,1,0.008537946428571428
16164,4.253650290800518,0,0.008537946428571428
16165,4.204972640891866,1,0.008519345238095237
16166,4.2546875180038235,0,0.008519345238095237
16167,4.2005056778060625,1,0.00857514880952381
16168,4.250000331721804,0,0.00857514880952381
16169,4.201311039826969,1,0.00857514880952381
16170,4.250886949735242,0,0.00857514880952381
16171,4.3005230018593235,0,0.00857514880952381
16172,4.350273705471505,0,0.00857514880952381
16173,4.395673569870276,0,0.00857514880952381
16174,4.348049900407052,1,0.008612351190476191
16175,4.387955781576384,0,0.008612351190476191
16176,4.338935357513696,1,0.008630952380952382
16177,4.382043009553429,0,0.008630952380952382
16178,4.234944925744029,2,0.008723958333333334
16179,4.284001874270749,0,0.008723958333333334
16180,4.137954427371053,2,0.008649553571428572
16181,4.089080821836069,1,0.008705357142857143
16182,4.040629998785681,1,0.008686755952380953
16183,4.087644430055088,0,0.008686755952380953
16184,3.9418170751517696,2,0.008705357142857143
16185,3.9902457042708965,0,0.008705357142857143
16186,3.8427805926498904,2,0.008686755952380953
16187,3.8895832309604916,0,0.008686755952380953
16188,3.9364115795886425,0,0.008686755952380953
16189,3.8857719757611657,1,0.008742559523809524
16190,3.934056447030451,0,0.008742559523809524
16191,3.9826628962921835,0,0.008742559523809524
16192,4.031513916737965,0,0.008742559523809524
16193,3.9831084750878496,1,0.008798363095238095
16194,3.934606331053997,1,0.008742559523809524
16195,3.885657693683033,1,0.008742559523809524
16196,3.935272701041102,0,0.008742559523809524
16197,3.8865512668416717,1,0.008742559523809524
16198,3.9228202074056533,0,0.008742559523809524
16199,3.7761961019369346,2,0.008742559523809524
16200,3.7273849823570697,1,0.008742559523809524
16201,3.6793413076962698,1,0.008723958333333334
16202,3.7287116270361866,0,0.008723958333333334
16203,3.778271087613864,0,0.008723958333333334
16204,3.7308819927791377,1,0.008742559523809524
16205,3.6822373004784583,1,0.008742559523809524
16206,3.726917151373743,0,0.008742559523809524
16207,3.6796804622486308,1,0.008723958333333334
16208,3.7288667634927966,0,0.008723958333333334
16209,3.6796683982326703,1,0.008705357142857143
16210,3.728937271883491,0,0.008705357142857143
16211,3.778208099959875,0,0.008705357142857143
16212,3.8275581799890266,0,0.008705357142857143
16213,3.87711862996923,0,0.008705357142857143
16214,3.828436370816894,1,0.008705357142857143
16215,3.5858474096393405,3,0.008686755952380953
16216,3.63569430931775,0,0.008686755952380953
16217,3.588966490281801,1,0.008686755952380953
16218,3.6376078530408114,0,0.008686755952380953
16219,3.687331121740387,0,0.008686755952380953
16220,3.7371810990112273,0,0.008686755952380953
16221,3.6891140627431405,1,0.008686755952380953
16222,3.6412449926958605,1,0.008723958333333334
16223,3.6906831656625956,0,0.008723958333333334
16224,3.7402992530008294,0,0.008723958333333334
16225,3.7900320894474726,0,0.008723958333333334
16226,3.8347220742488877,0,0.008723958333333334
16227,3.687835700574202,2,0.008686755952380953
16228,3.7369139139131566,0,0.008686755952380953
16229,3.688670809968827,1,0.008742559523809524
16230,3.6391211512592867,1,0.008723958333333334
16231,3.688289266434058,0,0.008723958333333334
16232,3.639362221724051,1,0.008779761904761905
16233,3.689017275806995,0,0.008779761904761905
16234,3.737853377544228,0,0.008779761904761905
16235,3.7873163296271075,0,0.008779761904761905
16236,3.7384603483896064,1,0.008798363095238095
16237,3.7875487280949964,0,0.008798363095238095
16238,3.8367068479433146,0,0.008798363095238095
16239,3.7883341033625926,1,0.008835565476190476
16240,3.7346236669186403,1,0.008854166666666666
16241,3.782919106389613,0,0.008854166666666666
16242,3.8313772651042863,0,0.008854166666666666
16243,3.7824838655458692,1,0.008872767857142857
16244,3.8231078188719807,0,0.008872767857142857
16245,3.8715961525160765,0,0.008872767857142857
16246,3.825832423271442,1,0.008854166666666666
16247,3.8748536088633956,0,0.008854166666666666
16248,3.924052715907184,0,0.008854166666666666
16249,3.9733774167075944,0,0.008854166666666666
16250,4.022942812033316,0,0.008854166666666666
16251,4.072697555533404,0,0.008854166666666666
16252,4.122579445860153,0,0.008854166666666666
16253,4.074125846308189,1,0.008835565476190476
16254,4.025771151255805,1,0.008835565476190476
16255,4.075921634597449,0,0.008835565476190476
16256,4.126105225790344,0,0.008835565476190476
16257,4.176311606604149,0,0.008835565476190476
16258,4.032678621985581,2,0.008872767857142857
16259,4.082446471201029,0,0.008872767857142857
16260,4.127100828140659,0,0.008872767857142857
16261,4.176382856794899,0,0.008872767857142857
16262,4.127847949399021,1,0.008835565476190476
16263,4.177278663050271,0,0.008835565476190476
16264,4.030350513482288,2,0.008854166666666666
16265,3.9816223403269606,1,0.008854166666666666
16266,4.030955779722905,0,0.008854166666666666
16267,4.080411128156771,0,0.008854166666666666
16268,4.114895160551414,0,0.008854166666666666
16269,4.065686766338417,1,0.008909970238095238
16270,4.114787292919811,0,0.008909970238095238
16271,4.163926599981792,0,0.008909970238095238
16272,4.213193376960965,0,0.008909970238095238
16273,4.262625543425908,0,0.008909970238095238
16274,4.312249924309437,0,0.008909970238095238
16275,4.258876544410464,1,0.008854166666666666
16276,4.210062775638932,1,0.008816964285714286
16277,4.1619885345524725,1,0.008835565476190476
16278,4.211601713603122,0,0.008835565476190476
16279,4.165339259513925,1,0.008816964285714286
16280,4.21513614097213,0,0.008816964285714286
16281,4.26548876811613,0,0.008816964285714286
16282,4.31253366151496,0,0.008816964285714286
16283,4.362428303817365,0,0.008816964285714286
16284,4.216048162693566,2,0.008798363095238095
16285,4.265978347528231,0,0.008798363095238095
16286,4.217499674016479,1,0.008761160714285714
16287,4.169169695067472,1,0.008779761904761905
16288,4.2194628428679986,0,0.008779761904761905
16289,4.1714427846339905,1,0.008798363095238095
16290,4.2219075789909555,0,0.008798363095238095
16291,4.272384304992981,0,0.008798363095238095
16292,4.225054302313569,1,0.008779761904761905
16293,4.275560195302899,0,0.008779761904761905
16294,4.326054056248953,0,0.008779761904761905
16295,4.37653202791246,0,0.008779761904761905
16296,4.330210775178116,1,0.008779761904761905
16297,4.380759555660452,0,0.008779761904761905
16298,4.332181759963546,1,0.008761160714285714
16299,4.283627776059452,1,0.008761160714285714
16300,4.333471157257942,0,0.008761160714285714
16301,4.3832854465479185,0,0.008761160714285714
16302,4.433074312594188,0,0.008761160714285714
16303,4.4828409756882595,0,0.008761160714285714
16304,4.434771369906397,1,0.008723958333333334
16305,4.3693627518195965,1,0.008705357142857143
16306,4.220111079223284,2,0.008742559523809524
16307,4.155558329972553,1,0.008742559523809524
16308,4.199778359949139,0,0.008742559523809524
16309,4.245006599959285,0,0.008742559523809524
16310,4.086154922860947,2,0.008816964285714286
16311,4.132351227163196,0,0.008816964285714286
16312,4.17883240180433,0,0.008816964285714286
16313,4.224017053298621,0,0.008816964285714286
16314,4.270412230446357,0,0.008816964285714286
16315,4.219283107460835,1,0.008798363095238095
16316,4.2658063885846556,0,0.008798363095238095
16317,4.302979096456376,0,0.008798363095238095
16318,4.250017052786719,1,0.008835565476190476
16319,4.29527474143722,0,0.008835565476190476
16320,4.339019177625217,0,0.008835565476190476
16321,4.286950855472736,1,0.008816964285714286
16322,4.33297048586611,0,0.008816964285714286
16323,4.379245116361172,0,0.008816964285714286
16324,4.425760849105298,0,0.008816964285714286
16325,4.374084453207573,1,0.008835565476190476
16326,4.421323833223044,0,0.008835565476190476
16327,4.464085180862659,0,0.008835565476190476
16328,4.511082876575599,0,0.008835565476190476
16329,4.362973526712738,2,0.008872767857142857
16330,4.410158030906819,0,0.008872767857142857
16331,4.358939075320803,1,0.008928571428571428
16332,4.309990547382264,1,0.008909970238095238
16333,4.357645957222752,0,0.008909970238095238
16334,4.307407652127145,1,0.008891369047619047
16335,4.161953132944041,2,0.008909970238095238
16336,4.209251308444093,0,0.008909970238095238
16337,4.25655890166467,0,0.008909970238095238
16338,4.303953945723191,0,0.008909970238095238
16339,4.351507440955877,0,0.008909970238095238
16340,4.301208723041207,1,0.008872767857142857
16341,4.251598567746057,1,0.008816964285714286
16342,4.299737905222715,0,0.008816964285714286
16343,4.250773400232775,1,0.008835565476190476
16344,4.200826849020709,1,0.008798363095238095
16345,4.249393599239811,0,0.008798363095238095
16346,4.101214560301132,2,0.008816964285714286
16347,3.954702209160096,2,0.008816964285714286
16348,3.908568646216303,1,0.008779761904761905
16349,3.8576473164516445,1,0.008835565476190476
16350,3.7092480654628925,2,0.008779761904761905
16351,3.751943315916707,0,0.008779761904761905
16352,3.798783119810797,0,0.008779761904761905
16353,3.8456152880021297,0,0.008779761904761905
16354,3.7941419414812203,1,0.008798363095238095
16355,3.7428558194666635,1,0.008761160714285714
16356,3.7875236987156193,0,0.008761160714285714
16357,3.832990751004033,0,0.008761160714285714
16358,3.87894145510341,0,0.008761160714285714
16359,3.8267816770393313,1,0.008761160714285714
16360,3.774846368119375,1,0.008816964285714286
16361,3.722613732211853,1,0.008761160714285714
16362,3.7690432520938284,0,0.008761160714285714
16363,3.6207440646213773,2,0.008723958333333334
16364,3.6676943641254742,0,0.008723958333333334
16365,3.616422687380809,1,0.008723958333333334
16366,3.5531063072366975,1,0.008723958333333334
16367,3.5036466182095602,1,0.008723958333333334
16368,3.5496411810798336,0,0.008723958333333334
16369,3.4980429472482593,1,0.008668154761904762
16370,3.5446651013897172,0,0.008668154761904762
16371,3.495530883738407,1,0.008723958333333334
16372,3.5397763166605345,0,0.008723958333333334
16373,3.586607945200285,0,0.008723958333333334
16374,3.6301933367622747,0,0.008723958333333334
16375,3.5783146843872378,1,0.008723958333333334
16376,3.624927662375443,0,0.008723958333333334
16377,3.5729637634663436,1,0.008723958333333334
16378,3.6161151194677905,0,0.008723958333333334
16379,3.6626374073619714,0,0.008723958333333334
16380,3.6108487299254146,1,0.008742559523809524
16381,3.559362779913165,1,0.008742559523809524
16382,3.5097468059984904,1,0.008761160714285714
16383,3.4450364929197343,1,0.008779761904761905
16384,3.393698994031256,1,0.008779761904761905
16385,3.440173508566254,0,0.008779761904761905
16386,3.4867580613914417,0,0.008779761904761905
16387,3.434996532528085,1,0.008779761904761905
16388,3.4819254318043273,0,0.008779761904761905
16389,3.5191319915569976,0,0.008779761904761905
16390,3.5658783542340187,0,0.008779761904761905
16391,3.6123041148322903,0,0.008779761904761905
16392,3.565503907852866,1,0.008798363095238095
16393,3.4156692324586873,2,0.008779761904761905
16394,3.363590869865462,1,0.008742559523809524
16395,3.4095578913691464,0,0.008742559523809524
16396,3.3572142837745527,1,0.008761160714285714
16397,3.4034068022807866,0,0.008761160714285714
16398,3.35268380244207,1,0.008779761904761905
16399,3.301438691752814,1,0.008761160714285714
16400,3.347393451085479,0,0.008761160714285714
16401,3.3934801186552037,0,0.008761160714285714
16402,3.43976370911092,0,0.008761160714285714
16403,3.4862774337724733,0,0.008761160714285714
16404,3.5329834326883223,0,0.008761160714285714
16405,3.5798429325626397,0,0.008761160714285714
16406,3.625666484883397,0,0.008761160714285714
16407,3.5741603197998613,1,0.008779761904761905
16408,3.6209375872921212,0,0.008779761904761905
16409,3.667745314685489,0,0.008779761904761905
16410,3.7145749548604794,0,0.008779761904761905
16411,3.761419582188387,0,0.008779761904761905
16412,3.6119646581616434,2,0.008816964285714286
16413,3.657792164600646,0,0.008816964285714286
16414,3.7037493681886478,0,0.008816964285714286
16415,3.652892789813046,1,0.008798363095238095
16416,3.699013434428155,0,0.008798363095238095
16417,3.739720335694513,0,0.008798363095238095
16418,3.690018753789425,1,0.008761160714285714
16419,3.637806319271436,1,0.008761160714285714
16420,3.5851071742468847,1,0.008761160714285714
16421,3.6310124038703657,0,0.008761160714285714
16422,3.6771827845676923,0,0.008761160714285714
16423,3.7235584061956386,0,0.008761160714285714
16424,3.6716597183754653,1,0.008779761904761905
16425,3.7179362865239716,0,0.008779761904761905
16426,3.7644242938369503,0,0.008779761904761905
16427,3.8110063953085627,0,0.008779761904761905
16428,3.759231445433363,1,0.008835565476190476
16429,3.8059867934972256,0,0.008835565476190476
16430,3.6559312424870636,2,0.008816964285714286
16431,3.7028156475488787,0,0.008816964285714286
16432,3.7497196624308002,0,0.008816964285714286
16433,3.6935340915409234,1,0.008835565476190476
16434,3.740106411858234,0,0.008835565476190476
16435,3.6886355799157418,1,0.008816964285714286
16436,3.735375550383497,0,0.008816964285714286
16437,3.7822702831134984,0,0.008816964285714286
16438,3.82935538880852,0,0.008816964285714286
16439,3.876679349211426,0,0.008816964285714286
16440,3.922201278149323,0,0.008816964285714286
16441,3.8709585262469606,1,0.008835565476190476
16442,3.8198304155217424,1,0.008854166666666666
16443,3.8671960138954473,0,0.008854166666666666
16444,3.8165509024874065,1,0.008872767857142857
16445,3.863834342608265,0,0.008872767857142857
16446,3.911159010251106,0,0.008872767857142857
16447,3.862628294204575,1,0.008891369047619047
16448,3.910323545738305,0,0.008891369047619047
16449,3.958092963481858,0,0.008891369047619047
16450,3.991812953218061,0,0.008891369047619047
16451,4.038709115723024,0,0.008891369047619047
16452,3.8911232739903676,2,0.008909970238095238
16453,3.8402368230620056,1,0.008891369047619047
16454,3.8873150707834903,0,0.008891369047619047
16455,3.8361681041770326,1,0.008872767857142857
16456,3.88280564375472,0,0.008872767857142857
16457,3.92986583734044,0,0.008872767857142857
16458,3.87880992701499,1,0.008854166666666666
16459,3.92659885529028,0,0.008854166666666666
16460,3.9745294608639004,0,0.008854166666666666
16461,4.022570896786085,0,0.008854166666666666
16462,3.9722728496374238,1,0.008872767857142857
16463,4.0198997491405155,0,0.008872767857142857
16464,3.9669932669707038,1,0.008854166666666666
16465,3.915944650044894,1,0.008891369047619047
16466,3.9463444540107115,0,0.008891369047619047
16467,3.993391201322834,0,0.008891369047619047
16468,4.040419770655801,0,0.008891369047619047
16469,4.087428000533163,0,0.008891369047619047
16470,4.134651417082941,0,0.008891369047619047
16471,4.182137842846865,0,0.008891369047619047
16472,4.229775861657727,0,0.008891369047619047
16473,4.0803831941039475,2,0.008928571428571428
16474,4.128249752569739,0,0.008928571428571428
16475,4.176143105394036,0,0.008928571428571428
16476,4.125622267497621,1,0.008909970238095238
16477,4.173634812141869,0,0.008909970238095238
16478,4.2216504426497075,0,0.008909970238095238
16479,4.269661598898186,0,0.008909970238095238
16480,4.317662171233577,0,0.008909970238095238
16481,4.365647031521084,0,0.008909970238095238
16482,4.413611725782999,0,0.008909970238095238
16483,4.4465756600210025,0,0.008909970238095238
16484,4.396029664297747,1,0.008854166666666666
16485,4.443348520270589,0,0.008854166666666666
16486,4.490633857464371,0,0.008854166666666666
16487,4.439600762247551,1,0.008816964285714286
16488,4.390945697764525,1,0.008816964285714286
16489,4.3420944159058505,1,0.008798363095238095
16490,4.293852107347049,1,0.008761160714285714
16491,4.243475742117764,1,0.008742559523809524
16492,4.195041063512403,1,0.008761160714285714
16493,4.243294467466757,0,0.008761160714285714
16494,4.291583507524567,0,0.008761160714285714
16495,4.143190388567477,2,0.008723958333333334
16496,4.0943153522122016,1,0.008723958333333334
16497,4.138561721697867,0,0.008723958333333334
16498,4.1866040722954265,0,0.008723958333333334
16499,4.231917001580075,0,0.008723958333333334
16500,4.1810838587448345,1,0.008705357142857143
16501,4.130292612643821,1,0.008686755952380953
16502,4.177545800255981,0,0.008686755952380953
16503,4.224885504512054,0,0.008686755952380953
16504,4.2722645757028355,0,0.008686755952380953
16505,4.3196997437841755,0,0.008686755952380953
16506,4.264574127195497,1,0.008723958333333334
16507,4.116529282783177,2,0.008668154761904762
16508,4.163051184884478,0,0.008668154761904762
16509,4.11160043550946,1,0.008649553571428572
16510,4.060459154281392,1,0.008630952380952382
16511,4.010167894767799,1,0.008612351190476191
16512,4.05761288667345,0,0.008612351190476191
16513,3.9088680826549016,2,0.008630952380952382
16514,3.759799361799281,2,0.008686755952380953
16515,3.8069935885628454,0,0.008686755952380953
16516,3.754054131817827,1,0.008649553571428572
16517,3.8010996433061353,0,0.008649553571428572
16518,3.848129430487388,0,0.008649553571428572
16519,3.8927357727800014,0,0.008649553571428572
16520,3.8410972785092024,1,0.008649553571428572
16521,3.88710031245602,0,0.008649553571428572
16522,3.741165953923635,2,0.008668154761904762
16523,3.787994572123465,0,0.008668154761904762
16524,3.820707053204002,0,0.008668154761904762
16525,3.7700703140501632,1,0.008612351190476191
16526,3.6213001368622257,2,0.008519345238095237
16527,3.668400061630109,0,0.008519345238095237
16528,3.715691317139023,0,0.008519345238095237
16529,3.566880497077566,2,0.008482142857142856
16530,3.6134160122459185,0,0.008482142857142856
16531,3.6600616677004663,0,0.008482142857142856
16532,3.705408423459607,0,0.008482142857142856
16533,3.751926183363141,0,0.008482142857142856
16534,3.79854085924352,0,0.008482142857142856
16535,3.7468062643101443,1,0.008519345238095237
16536,3.6972363527275163,1,0.008519345238095237
16537,3.7443458765429436,0,0.008519345238095237
16538,3.7915935067080526,0,0.008519345238095237
16539,3.8389312990220357,0,0.008519345238095237
16540,3.8856291900821134,0,0.008519345238095237
16541,3.833999863810104,1,0.008537946428571428
16542,3.786399356773732,1,0.00857514880952381
16543,3.7348753363239293,1,0.00857514880952381
16544,3.777267653551439,0,0.00857514880952381
16545,3.8239160791468367,0,0.00857514880952381
16546,3.674827365210665,2,0.008519345238095237
16547,3.6238022410861355,1,0.008519345238095237
16548,3.6631687101373536,0,0.008519345238095237
16549,3.709340198466265,0,0.008519345238095237
16550,3.6573465816691457,1,0.00855654761904762
16551,3.605994612910139,1,0.008519345238095237
16552,3.5530934818890305,1,0.008537946428571428
16553,3.390534014821382,2,0.008537946428571428
16554,3.435501046003428,0,0.008537946428571428
16555,3.4806814847985135,0,0.008537946428571428
16556,3.4290655820113853,1,0.00855654761904762
16557,3.4614427233763405,0,0.00855654761904762
16558,3.507087126441492,0,0.00855654761904762
16559,3.454685516062753,1,0.00859375
16560,3.402546582710644,1,0.00857514880952381
16561,3.3519391482632703,1,0.00857514880952381
16562,3.300229957771302,1,0.008537946428571428
16563,3.345581019103161,0,0.008537946428571428
16564,3.2931358555090897,1,0.008482142857142856
16565,3.3392383102861825,0,0.008482142857142856
16566,3.385406926307503,0,0.008482142857142856
16567,3.431626956387013,0,0.008482142857142856
16568,3.477888361772571,0,0.008482142857142856
16569,3.5242992767830343,0,0.008482142857142856
16570,3.5708729169655653,0,0.008482142857142856
16571,3.617555025079363,0,0.008482142857142856
16572,3.470401488835468,2,0.008407738095238095
16573,3.5167806128227683,0,0.008407738095238095
16574,3.5632735780271374,0,0.008407738095238095
16575,3.609861425556911,0,0.008407738095238095
16576,3.656528152900313,0,0.008407738095238095
16577,3.7032604612320004,0,0.008407738095238095
16578,3.750047281787559,0,0.008407738095238095
16579,3.796964525035073,0,0.008407738095238095
16580,3.8440098556151456,0,0.008407738095238095
16581,3.793099775144823,1,0.008407738095238095
16582,3.840428067582824,0,0.008407738095238095
16583,3.887819277574402,0,0.008407738095238095
16584,3.836858992850322,1,0.008426339285714285
16585,3.78487655134607,1,0.008482142857142856
16586,3.6357052735396884,2,0.008500744047619047
16587,3.658517850115633,0,0.008500744047619047
16588,3.7025945152755764,0,0.008500744047619047
16589,3.7474890882880736,0,0.008500744047619047
16590,3.7927206276221224,0,0.008500744047619047
16591,3.741109156788637,1,0.008463541666666666
16592,3.7866416609671365,0,0.008463541666666666
16593,3.8323316563012297,0,0.008463541666666666
16594,3.878195118233882,0,0.008463541666666666
16595,3.924165808311276,0,0.008463541666666666
16596,3.676617512478223,3,0.008407738095238095
16597,3.7227889142124497,0,0.008407738095238095
16598,3.7690279807193416,0,0.008407738095238095
16599,3.8112336289156867,0,0.008407738095238095
16600,3.7594840424513944,1,0.008370535714285714
16601,3.805731492943088,0,0.008370535714285714
16602,3.8520740069816553,0,0.008370535714285714
16603,3.8986767830551963,0,0.008370535714285714
16604,3.9454781140939894,0,0.008370535714285714
16605,3.992398861452409,0,0.008370535714285714
16606,4.0393964548582355,0,0.008370535714285714
16607,3.988051873112374,1,0.008370535714285714
16608,3.936817221259947,1,0.008407738095238095
16609,3.7887225725518654,2,0.008333333333333333
16610,3.831994558902279,0,0.008333333333333333
16611,3.878896474444598,0,0.008333333333333333
16612,3.920674143138334,0,0.008333333333333333
16613,3.868647758887635,1,0.008314732142857143
16614,3.915066875116446,0,0.008314732142857143
16615,3.9614707927700885,0,0.008314732142857143
16616,4.007986987782462,0,0.008314732142857143
16617,4.05467431575123,0,0.008314732142857143
16618,3.807327606727517,3,0.008314732142857143
16619,3.8544830428166836,0,0.008314732142857143
16620,3.8028599892088746,1,0.008333333333333333
16621,3.7519725717929924,1,0.008370535714285714
16622,3.703049752869436,1,0.008370535714285714
16623,3.7506864303235523,0,0.008370535714285714
16624,3.6998939811868605,1,0.008407738095238095
16625,3.7475468398003677,0,0.008407738095238095
16626,3.795189446390256,0,0.008407738095238095
16627,3.842819095062075,0,0.008407738095238095
16628,3.8904334227259763,0,0.008407738095238095
16629,3.9380302877645352,0,0.008407738095238095
16630,3.789784784628949,2,0.008426339285714285
16631,3.8241351549590474,0,0.008426339285714285
16632,3.8710708189079868,0,0.008426339285714285
16633,3.8226515263110405,1,0.008407738095238095
16634,3.8695888461838597,0,0.008407738095238095
16635,3.916505933613594,0,0.008407738095238095
16636,3.9634992114507153,0,0.008407738095238095
16637,4.010598409421362,0,0.008407738095238095
16638,4.057755170911947,0,0.008407738095238095
16639,3.9083007032765362,2,0.008370535714285714
16640,3.9541509847821463,0,0.008370535714285714
16641,4.000984748707628,0,0.008370535714285714
16642,4.047787030918334,0,0.008370535714285714
16643,3.899690445786321,2,0.008407738095238095
16644,3.946055752942909,0,0.008407738095238095
16645,3.99254728190481,0,0.008407738095238095
16646,4.039140469234022,0,0.008407738095238095
16647,4.085782460923982,0,0.008407738095238095
16648,4.132443964167033,0,0.008407738095238095
16649,4.17910693779513,0,0.008407738095238095
16650,4.1273825214243685,1,0.008444940476190476
16651,4.1741121352130595,0,0.008444940476190476
16652,4.220820313221085,0,0.008444940476190476
16653,4.169093868702661,1,0.008482142857142856
16654,4.215778977298658,0,0.008482142857142856
16655,4.164089488511794,1,0.008463541666666666
16656,4.112298520104146,1,0.008500744047619047
16657,4.060073157981559,1,0.008519345238095237
16658,4.007821907326356,1,0.008500744047619047
16659,4.053989456738356,0,0.008500744047619047
16660,4.100133297098375,0,0.008500744047619047
16661,4.047918803520556,1,0.008519345238095237
16662,3.9957632593088603,1,0.008482142857142856
16663,3.9438009742869657,1,0.008519345238095237
16664,3.9900796841686796,0,0.008519345238095237
16665,4.036326809693663,0,0.008519345238095237
16666,4.082539081615504,0,0.008519345238095237
16667,4.032937102320811,1,0.008500744047619047
16668,4.079293642021539,0,0.008500744047619047
16669,4.125621315387877,0,0.008500744047619047
16670,4.171918080469182,0,0.008500744047619047
16671,4.120340608774101,1,0.008519345238095237
16672,4.166603586729176,0,0.008519345238095237
16673,4.0160121149991586,2,0.00859375
16674,3.964011646474721,1,0.008612351190476191
16675,4.0099739619350165,0,0.008612351190476191
16676,3.957569594322187,1,0.008630952380952382
16677,3.9064642557274505,1,0.008630952380952382
16678,3.952595287436695,0,0.008630952380952382
16679,3.9003978076373413,1,0.008630952380952382
16680,3.8482758103029386,1,0.008630952380952382
16681,3.797445758140428,1,0.008630952380952382
16682,3.8439911875395416,0,0.008630952380952382
16683,3.8905698990772537,0,0.008630952380952382
16684,3.933841834355818,0,0.008630952380952382
16685,3.9799845929999,0,0.008630952380952382
16686,4.02611774404106,0,0.008630952380952382
16687,4.072236468241009,0,0.008630952380952382
16688,3.924631254512026,2,0.008630952380952382
16689,3.9714961896497556,0,0.008630952380952382
16690,3.823178577203427,2,0.008630952380952382
16691,3.864754279412083,0,0.008630952380952382
16692,3.719289137363295,2,0.00859375
16693,3.666842268027567,1,0.008612351190476191
16694,3.7108761289003054,0,0.008612351190476191
16695,3.7562435325804926,0,0.008612351190476191
16696,3.7042519176690814,1,0.008668154761904762
16697,3.7499045227755987,0,0.008668154761904762
16698,3.7956260658697016,0,0.008668154761904762
16699,3.841386528696546,0,0.008668154761904762
16700,3.887332465414234,0,0.008668154761904762
16701,3.933529258265886,0,0.008668154761904762
16702,3.8812283654005215,1,0.008668154761904762
16703,3.9273124936870794,0,0.008668154761904762
16704,3.780594323679761,2,0.008668154761904762
16705,3.8268126784830616,0,0.008668154761904762
16706,3.8636804309350055,0,0.008668154761904762
16707,3.8111407843807728,1,0.008686755952380953
16708,3.8571365874323336,0,0.008686755952380953
16709,3.903112027302661,0,0.008686755952380953
16710,3.8507006649477296,1,0.008668154761904762
16711,3.799487387639833,1,0.008649553571428572
16712,3.8448799682383115,0,0.008649553571428572
16713,3.693188650999271,2,0.008612351190476191
16714,3.7382499552974067,0,0.008612351190476191
16715,3.7811962108177197,0,0.008612351190476191
16716,3.8259087177770845,0,0.008612351190476191
16717,3.8706540458713077,0,0.008612351190476191
16718,3.718689637069625,2,0.008612351190476191
16719,3.6651044916417383,1,0.00855654761904762
16720,3.709990199498344,0,0.00855654761904762
16721,3.6575864147009276,1,0.008500744047619047
16722,3.6043993254972837,1,0.008482142857142856
16723,3.6497351274590284,0,0.008482142857142856
16724,3.694916911461994,0,0.008482142857142856
16725,3.629576778508313,1,0.008500744047619047
16726,3.4787884820941937,2,0.008500744047619047
16727,3.42788918489333,1,0.008500744047619047
16728,3.467978443411627,0,0.008500744047619047
16729,3.318934542602907,2,0.008537946428571428
16730,3.2656240798099225,1,0.00855654761904762
16731,3.310286956203602,0,0.00855654761904762
16732,3.3550725748898493,0,0.00855654761904762
16733,3.3998906251517678,0,0.00855654761904762
16734,3.4448950509640093,0,0.00855654761904762
16735,3.4900184554458322,0,0.00855654761904762
16736,3.5352146195063296,0,0.00855654761904762
16737,3.580455734086492,0,0.00855654761904762
16738,3.52730302092844,1,0.00859375
16739,3.4754787363114583,1,0.008537946428571428
16740,3.520054216922141,0,0.008537946428571428
16741,3.5646663568293486,0,0.008537946428571428
16742,3.6093019856992465,0,0.008537946428571428
16743,3.6407513666659694,0,0.008537946428571428
16744,3.684953123304571,0,0.008537946428571428
16745,3.7293364348491087,0,0.008537946428571428
16746,3.773849237474942,0,0.008537946428571428
16747,3.7203352505622895,1,0.00855654761904762
16748,3.7652997975638187,0,0.00855654761904762
16749,3.810449301731176,0,0.00855654761904762
16750,3.853809355863986,0,0.00855654761904762
16751,3.800322883145737,1,0.00855654761904762
16752,3.7441419989957727,1,0.008519345238095237
16753,3.7887514417103514,0,0.008519345238095237
16754,3.833357722064052,0,0.008519345238095237
16755,3.7832380491009205,1,0.008537946428571428
16756,3.8280416306501333,0,0.008537946428571428
16757,3.7744710932477905,1,0.008519345238095237
16758,3.81967424695169,0,0.008519345238095237
16759,3.8650390685772207,0,0.008519345238095237
16760,3.910504253512528,0,0.008519345238095237
16761,3.956032662235201,0,0.008519345238095237
16762,3.8049136768552665,2,0.008519345238095237
16763,3.6554503869242208,2,0.00855654761904762
16764,3.7011246047363646,0,0.00855654761904762
16765,3.7468093993645097,0,0.00855654761904762
16766,3.6940752542170223,1,0.00857514880952381
16767,3.7397973474097035,0,0.00857514880952381
16768,3.6893834633249316,1,0.008537946428571428
16769,3.735229482803561,0,0.008537946428571428
16770,3.7810688093433384,0,0.008537946428571428
16771,3.8227314976215383,0,0.008537946428571428
16772,3.868036847718863,0,0.008537946428571428
16773,3.814952934782744,1,0.00857514880952381
16774,3.7612866984982976,1,0.008519345238095237
16775,3.707657303729174,1,0.00855654761904762
16776,3.752617723286633,0,0.00855654761904762
16777,3.7977128537741622,0,0.00855654761904762
16778,3.8428750080100054,0,0.00855654761904762
16779,3.7898287115135014,1,0.00859375
16780,3.835080780267299,0,0.00859375
16781,3.880341847510313,0,0.00859375
16782,3.9255767254773106,0,0.00859375
16783,3.9708074385865393,0,0.00859375
16784,3.6243012673884243,4,0.00855654761904762
16785,3.669778273119415,0,0.00855654761904762
16786,3.617113813678748,1,0.00855654761904762
16787,3.467885195835783,2,0.00857514880952381
16788,3.414647019593712,1,0.008519345238095237
16789,3.459303970983404,0,0.008519345238095237
16790,3.4059584365784237,1,0.008463541666666666
16791,3.450701243471258,0,0.008463541666666666
16792,3.4954534926912384,0,0.008463541666666666
16793,3.5402095501174156,0,0.008463541666666666
16794,3.584964827430781,0,0.008463541666666666
16795,3.531874312447371,1,0.008482142857142856
16796,3.576651548077402,0,0.008482142857142856
16797,3.6214900958791025,0,0.008482142857142856
16798,3.6617849668231957,0,0.008482142857142856
16799,3.607845615333022,1,0.008482142857142856
16800,3.555956785599571,1,0.008426339285714285
16801,3.6005725620241704,0,0.008426339285714285
16802,3.64521190310301,0,0.008426339285714285
16803,3.6900023806450792,0,0.008426339285714285
16804,3.734935246592028,0,0.008426339285714285
16805,3.583352676008385,2,0.008463541666666666
16806,3.628549476638328,0,0.008463541666666666
16807,3.673782699694534,0,0.008463541666666666
16808,3.719038692204501,0,0.008463541666666666
16809,3.665883543942322,1,0.008463541666666666
16810,3.7110679558182453,0,0.008463541666666666
16811,3.7507193693580323,0,0.008463541666666666
16812,3.7939620874691764,0,0.008463541666666666
16813,3.741321907974488,1,0.008500744047619047
16814,3.785530934237425,0,0.008500744047619047
16815,3.829723312949966,0,0.008500744047619047
16816,3.7756741316388425,1,0.008482142857142856
16817,3.8201640914731576,0,0.008482142857142856
16818,3.864856216174583,0,0.008482142857142856
16819,3.8112774847018365,1,0.008444940476190476
16820,3.8556473736329258,0,0.008444940476190476
16821,3.9000696072009453,0,0.008444940476190476
16822,3.9445204169155605,0,0.008444940476190476
16823,3.793404034673233,2,0.008500744047619047
16824,3.83806179912783,0,0.008500744047619047
16825,3.7846093625567914,1,0.008482142857142856
16826,3.731307280781707,1,0.008500744047619047
16827,3.775870201908503,0,0.008500744047619047
16828,3.820448834687028,0,0.008500744047619047
16829,3.6681692311857943,2,0.008537946428571428
16830,3.712833335243479,0,0.008537946428571428
16831,3.7574992865430947,0,0.008537946428571428
16832,3.8021615384793104,0,0.008537946428571428
16833,3.846804407484555,0,0.008537946428571428
16834,3.7912678805392797,1,0.008519345238095237
16835,3.835519176541192,0,0.008519345238095237
16836,3.879754744471425,0,0.008519345238095237
16837,3.8255493477232894,1,0.008463541666666666
16838,3.869808738451742,0,0.008463541666666666
16839,3.8159615609880757,1,0.008426339285714285
16840,3.761341370046086,1,0.008389136904761904
16841,3.8052871322917876,0,0.008389136904761904
16842,3.750869623711213,1,0.008426339285714285
16843,3.696623234603317,1,0.008389136904761904
16844,3.740752058849334,0,0.008389136904761904
16845,3.687282186898194,1,0.008370535714285714
16846,3.731302988145022,0,0.008370535714285714
16847,3.5790321579374216,2,0.008333333333333333
16848,3.622550580823321,0,0.008333333333333333
16849,3.6662064015162588,0,0.008333333333333333
16850,3.7076011555171244,0,0.008333333333333333
16851,3.750939052621241,0,0.008333333333333333
16852,3.7943132130723045,0,0.008333333333333333
16853,3.739936560794643,1,0.008333333333333333
16854,3.6877705078816923,1,0.008277529761904762
16855,3.7313899471966074,0,0.008277529761904762
16856,3.7752712839784563,0,0.008277529761904762
16857,3.819346110633871,0,0.008277529761904762
16858,3.7651261637962987,1,0.008240327380952381
16859,3.7101305424892272,1,0.008258928571428572
16860,3.7528144162397843,0,0.008258928571428572
16861,3.6984800473733235,1,0.008258928571428572
16862,3.7420206450165905,0,0.008258928571428572
16863,3.7855616880696594,0,0.008258928571428572
16864,3.731972613469701,1,0.008277529761904762
16865,3.7755355833519575,0,0.008277529761904762
16866,3.819088858200631,0,0.008277529761904762
16867,3.862795770206273,0,0.008277529761904762
16868,3.808181135204779,1,0.008277529761904762
16869,3.7551550756577092,1,0.008314732142857143
16870,3.6022916070964066,2,0.008351934523809524
16871,3.6461503488771414,0,0.008351934523809524
16872,3.6900431978342714,0,0.008351934523809524
16873,3.635533802286972,1,0.008314732142857143
16874,3.679545832620735,0,0.008314732142857143
16875,3.7213763966978552,0,0.008314732142857143
16876,3.7649202001432296,0,0.008314732142857143
16877,3.8084535829222785,0,0.008314732142857143
16878,3.85197402603018,0,0.008314732142857143
16879,3.6986613477271533,2,0.008333333333333333
16880,3.644394658565069,1,0.008351934523809524
16881,3.6881593086199764,0,0.008351934523809524
16882,3.7320280946079607,0,0.008351934523809524
16883,3.7759564121854923,0,0.008351934523809524
16884,3.7215574750265548,1,0.008370535714285714
16885,3.667133637369553,1,0.008370535714285714
16886,3.7111762177238403,0,0.008370535714285714
16887,3.7552184521809933,0,0.008370535714285714
16888,3.7008300496163264,1,0.008370535714285714
16889,3.7448722973611863,0,0.008370535714285714
16890,3.788902246837385,0,0.008370535714285714
16891,3.6371078876522596,2,0.008407738095238095
16892,3.3870063069438805,3,0.008444940476190476
16893,3.4311743195831483,0,0.008444940476190476
16894,3.4753526185202577,0,0.008444940476190476
16895,3.3208708091686,2,0.008463541666666666
16896,3.3646387255800043,0,0.008463541666666666
16897,3.3118217292723666,1,0.008500744047619047
16898,3.3556296869113647,0,0.008500744047619047
16899,3.399428474996026,0,0.008500744047619047
16900,3.443217044192184,0,0.008500744047619047
16901,3.4871638587217473,0,0.008500744047619047
16902,3.531213945265406,0,0.008500744047619047
16903,3.4772478211612348,1,0.008482142857142856
16904,3.521258542700199,0,0.008482142857142856
16905,3.5644345943389157,0,0.008482142857142856
16906,3.5102274013395744,1,0.008463541666666666
16907,3.5535968938979408,0,0.008463541666666666
16908,3.5970055143150295,0,0.008463541666666666
16909,3.6404412319954274,0,0.008463541666666666
16910,3.6838949690557876,0,0.008463541666666666
16911,3.7274277199833445,0,0.008463541666666666
16912,3.768780578639751,0,0.008463541666666666
16913,3.7136787904953463,1,0.008426339285714285
16914,3.7570837664134134,0,0.008426339285714285
16915,3.800516666827759,0,0.008426339285714285
16916,3.7470200447212365,1,0.008482142857142856
16917,3.6880644893231302,1,0.008444940476190476
16918,3.6314656370550242,1,0.008500744047619047
16919,3.6735471314681525,0,0.008500744047619047
16920,3.71605646346941,0,0.008500744047619047
16921,3.660396497327523,1,0.008463541666666666
16922,3.70335789055611,0,0.008463541666666666
16923,3.6480107905676515,1,0.008482142857142856
16924,3.6913432680836644,0,0.008482142857142856
16925,3.734843988245887,0,0.008482142857142856
16926,3.7784513571042493,0,0.008482142857142856
16927,3.7248240941753226,1,0.008482142857142856
16928,3.6709532242506167,1,0.008500744047619047
16929,3.5169048594870778,2,0.00855654761904762
16930,3.462146637701725,1,0.008537946428571428
16931,3.5056889677190672,0,0.008537946428571428
16932,3.4510033687211985,1,0.00857514880952381
16933,3.4847924229022023,0,0.00857514880952381
16934,3.4298951133289437,1,0.00855654761904762
16935,3.473373757389076,0,0.00855654761904762
16936,3.516842317221959,0,0.00855654761904762
16937,3.5604032502004164,0,0.00855654761904762
16938,3.60164754152629,0,0.00855654761904762
16939,3.645067351462478,0,0.00855654761904762
16940,3.688531789659738,0,0.00855654761904762
16941,3.5348538241764085,2,0.00859375
16942,3.5784182495949324,0,0.00859375
16943,3.621983008958758,0,0.00859375
16944,3.5673527939245195,1,0.00857514880952381
16945,3.6111482166045077,0,0.00857514880952381
16946,3.5567515931439306,1,0.00859375
16947,3.600777764556139,0,0.00859375
16948,3.644834506016593,0,0.00859375
16949,3.6890602140820348,0,0.00859375
16950,3.4380607585422007,3,0.00855654761904762
16951,3.384020260274531,1,0.00857514880952381
16952,3.3299923069079362,1,0.00859375
16953,3.275936098503166,1,0.00855654761904762
16954,3.3203287469528227,0,0.00855654761904762
16955,3.364711076377676,0,0.00855654761904762
16956,3.310670249423376,1,0.008612351190476191
16957,3.3550612175489674,0,0.008612351190476191
16958,3.399440900538392,0,0.008612351190476191
16959,3.4438074480292546,0,0.008612351190476191
16960,3.488159926521149,0,0.008612351190476191
16961,3.4340732361782993,1,0.00859375
16962,3.4784300101286454,0,0.00859375
16963,3.522770793979364,0,0.00859375
16964,3.4692534978762866,1,0.00857514880952381
16965,3.513175197074493,0,0.00857514880952381
16966,3.557146534866922,0,0.00857514880952381
16967,3.6011506556268302,0,0.00857514880952381
16968,3.645175308883669,0,0.00857514880952381
16969,3.5912554037724735,1,0.008630952380952382
16970,3.635303547002057,0,0.008630952380952382
16971,3.4839101342503596,2,0.008612351190476191
16972,3.527525853373971,0,0.008612351190476191
16973,3.473756980021378,1,0.00855654761904762
16974,3.5169457709799032,0,0.00855654761904762
16975,3.556095519189621,0,0.00855654761904762
16976,3.598885601445555,0,0.00855654761904762
16977,3.641692556401765,0,0.00855654761904762
16978,3.684440600119022,0,0.00855654761904762
16979,3.6287718805061964,1,0.00857514880952381
16980,3.6683059177580217,0,0.00857514880952381
16981,3.710449852445691,0,0.00857514880952381
16982,3.654631745362164,1,0.00859375
16983,3.6973176135465904,0,0.00859375
16984,3.740035562091287,0,0.00859375
16985,3.6862423779865723,1,0.008537946428571428
16986,3.729695904837349,0,0.008537946428571428
16987,3.7731507629448426,0,0.008537946428571428
16988,3.6213998982057145,2,0.008500744047619047
16989,3.5659555427457876,1,0.008463541666666666
16990,3.6089632238036113,0,0.008463541666666666
16991,3.6521808586913687,0,0.008463541666666666
16992,3.597080008475271,1,0.008407738095238095
16993,3.6404926348927713,0,0.008407738095238095
16994,3.586122410556188,1,0.008389136904761904
16995,3.5311991742236852,1,0.008407738095238095
16996,3.5747661774456,0,0.008407738095238095
16997,3.6183348016997576,0,0.008407738095238095
16998,3.661899462183893,0,0.008407738095238095
16999,3.7054558666219077,0,0.008407738095238095
17000,3.650576211955287,1,0.008444940476190476
17001,3.6942084876161596,0,0.008444940476190476
17002,3.73791588917365,0,0.008444940476190476
17003,3.6832663097562017,1,0.008500744047619047
17004,3.726755273797033,0,0.008500744047619047
17005,3.7703166971941386,0,0.008500744047619047
17006,3.7155216620008247,1,0.008537946428571428
17007,3.758668640175324,0,0.008537946428571428
17008,3.70342853274419,1,0.008482142857142856
17009,3.6455978041786437,1,0.008519345238095237
17010,3.6883970248655777,0,0.008519345238095237
17011,3.633646982062046,1,0.00855654761904762
17012,3.6765188000438083,0,0.00855654761904762
17013,3.6173493282913642,1,0.008537946428571428
17014,3.6598403410759324,0,0.008537946428571428
17015,3.702388254964218,0,0.008537946428571428
17016,3.745669986760829,0,0.008537946428571428
17017,3.789029296584535,0,0.008537946428571428
17018,3.8324345944480207,0,0.008537946428571428
17019,3.7774424316585256,1,0.008482142857142856
17020,3.722498396099574,1,0.008537946428571428
17021,3.6677358216883995,1,0.00855654761904762
17022,3.710693023048102,0,0.00855654761904762
17023,3.753647335114128,0,0.00855654761904762
17024,3.796681491706327,0,0.00855654761904762
17025,3.7413080387320408,1,0.00859375
17026,3.6868285302125683,1,0.00855654761904762
17027,3.631380027273552,1,0.00855654761904762
17028,3.67449015621805,0,0.00855654761904762
17029,3.6198338140524693,1,0.008500744047619047
17030,3.663093164204911,0,0.008500744047619047
17031,3.706384133637731,0,0.008500744047619047
17032,3.7496962716500235,0,0.008500744047619047
17033,3.793020102427617,0,0.008500744047619047
17034,3.738019749451942,1,0.008519345238095237
17035,3.682429587041623,1,0.008519345238095237
17036,3.6268733903230883,1,0.008519345238095237
17037,3.669771524462427,0,0.008519345238095237
17038,3.7126632593107174,0,0.008519345238095237
17039,3.5595366592641686,2,0.00855654761904762
17040,3.596801826740051,0,0.00855654761904762
17041,3.6386334785133663,0,0.00855654761904762
17042,3.680395880614645,0,0.00855654761904762
17043,3.7221389731796872,0,0.00855654761904762
17044,3.7638612901539816,0,0.00855654761904762
17045,3.608834780838111,2,0.008649553571428572
17046,3.5526611007834474,1,0.008612351190476191
17047,3.594834595045494,0,0.008612351190476191
17048,3.6370562057566764,0,0.008612351190476191
17049,3.6793033881418697,0,0.008612351190476191
17050,3.721562054779514,0,0.008612351190476191
17051,3.469812063234347,3,0.008612351190476191
17052,3.5115860800865453,0,0.008612351190476191
17053,3.5533535513826933,0,0.008612351190476191
17054,3.595110695705013,0,0.008612351190476191
17055,3.5387896933664065,1,0.008668154761904762
17056,3.482823212168555,1,0.008649553571428572
17057,3.4271385977130806,1,0.008612351190476191
17058,3.371805029560018,1,0.008630952380952382
17059,3.413676510904389,0,0.008630952380952382
17060,3.455622420573294,0,0.008630952380952382
17061,3.3008076647681093,2,0.00857514880952381
17062,3.3413788876642796,0,0.00857514880952381
17063,3.283736549345851,1,0.00857514880952381
17064,3.324700365330262,0,0.00857514880952381
17065,3.365777598668822,0,0.00857514880952381
17066,3.406942523110782,0,0.00857514880952381
17067,3.444506528906834,0,0.00857514880952381
17068,3.4853186240303646,0,0.00857514880952381
17069,3.52616138763092,0,0.00857514880952381
17070,3.567025811562341,0,0.00857514880952381
17071,3.5106701930594375,1,0.008537946428571428
17072,3.5516234716987647,0,0.008537946428571428
17073,3.5927528050216053,0,0.008537946428571428
17074,3.633984757349004,0,0.008537946428571428
17075,3.6755084799749267,0,0.008537946428571428
17076,3.706733915399939,0,0.008537946428571428
17077,3.747821032916143,0,0.008537946428571428
17078,3.788988493525335,0,0.008537946428571428
17079,3.731794389512873,1,0.00857514880952381
17080,3.6762880013146697,1,0.00855654761904762
17081,3.7179212255909904,0,0.00855654761904762
17082,3.5610680280192013,2,0.008519345238095237
17083,3.503277415897007,1,0.008537946428571428
17084,3.5436678951776326,0,0.008537946428571428
17085,3.5842886052018583,0,0.008537946428571428
17086,3.6250775634118764,0,0.008537946428571428
17087,3.567566938166359,1,0.00857514880952381
17088,3.608608408538864,0,0.00857514880952381
17089,3.5512950697564913,1,0.00855654761904762
17090,3.587924687967267,0,0.00855654761904762
17091,3.6287937261199024,0,0.00855654761904762
17092,3.572145325689365,1,0.00855654761904762
17093,3.51466981454412,1,0.00857514880952381
17094,3.555666611723295,0,0.00857514880952381
17095,3.4983226768281086,1,0.00855654761904762
17096,3.4415622849465843,1,0.00857514880952381
17097,3.3856479596280535,1,0.00857514880952381
17098,3.3027351389965336,1,0.00857514880952381
17099,3.342444768749488,0,0.00857514880952381
17100,3.283781863967136,1,0.008630952380952382
17101,3.3236568904436545,0,0.008630952380952382
17102,3.3637119674362874,0,0.008630952380952382
17103,3.3078407592977834,1,0.00859375
17104,3.3483695764262986,0,0.00859375
17105,3.3890429483077624,0,0.00859375
17106,3.4299103683068832,0,0.00859375
17107,3.274062758574128,2,0.00857514880952381
17108,3.3146324293597043,0,0.00857514880952381
17109,3.3552707907042087,0,0.00857514880952381
17110,3.2975338433936265,1,0.00855654761904762
17111,3.334325919578765,0,0.00855654761904762
17112,3.3743730933157337,0,0.00855654761904762
17113,3.3031051654348067,1,0.00857514880952381
17114,3.2449342105360897,1,0.00857514880952381
17115,3.2801163866886482,0,0.00857514880952381
17116,3.1220826330827443,2,0.008612351190476191
17117,2.9593078430617834,2,0.00859375
17118,2.997965074384656,0,0.00859375
17119,2.9384832532517833,1,0.00859375
17120,2.9777263982645485,0,0.00859375
17121,2.92068657294769,1,0.00855654761904762
17122,2.856423902931683,1,0.00855654761904762
17123,2.896182663390408,0,0.00855654761904762
17124,2.931361673072364,0,0.00855654761904762
17125,2.970879275255701,0,0.00855654761904762
17126,3.006959790330679,0,0.00855654761904762
17127,2.9479601240126243,1,0.008537946428571428
17128,2.987518977726633,0,0.008537946428571428
17129,3.027247431200098,0,0.008537946428571428
17130,3.0671467014444045,0,0.008537946428571428
17131,3.1072069120661574,0,0.008537946428571428
17132,3.1474798169273814,0,0.008537946428571428
17133,3.1878770893720874,0,0.008537946428571428
17134,3.228565987057225,0,0.008537946428571428
17135,3.1708333894868006,1,0.008519345238095237
17136,3.2109567606564933,0,0.008519345238095237
17137,3.1526742527367513,1,0.008519345238095237
17138,3.1928192961327424,0,0.008519345238095237
17139,3.2329572618849527,0,0.008519345238095237
17140,3.2730886407027864,0,0.008519345238095237
17141,3.3132143582449585,0,0.008519345238095237
17142,3.3533355594314975,0,0.008519345238095237
17143,3.39345436421198,0,0.008519345238095237
17144,3.433570825958941,0,0.008519345238095237
17145,3.4736856719830733,0,0.008519345238095237
17146,3.4156208131236765,1,0.008500744047619047
17147,3.4551716375330277,0,0.008500744047619047
17148,3.396464276250461,1,0.008463541666666666
17149,3.435463026854131,0,0.008463541666666666
17150,3.3776320178434878,1,0.008482142857142856
17151,3.3186468558533084,1,0.008519345238095237
17152,3.2615787318168983,1,0.008482142857142856
17153,3.3011999232481846,0,0.008482142857142856
17154,3.242441412661819,1,0.008463541666666666
17155,3.183201121094713,1,0.008463541666666666
17156,3.2223958344281396,0,0.008463541666666666
17157,3.2616098043798565,0,0.008463541666666666
17158,3.2024803940746467,1,0.008463541666666666
17159,3.2417466429289665,0,0.008463541666666666
17160,3.1825970875271263,1,0.008444940476190476
17161,3.0261566905951622,2,0.008426339285714285
17162,3.065740696217379,0,0.008426339285714285
17163,3.1054240316631074,0,0.008426339285714285
17164,3.1451787470657173,0,0.008426339285714285
17165,3.073586487875712,1,0.008370535714285714
17166,3.1130594172799517,0,0.008370535714285714
17167,3.152545412056099,0,0.008370535714285714
17168,3.1920377651789944,0,0.008370535714285714
17169,3.2315313729629542,0,0.008370535714285714
17170,3.271232800339235,0,0.008370535714285714
17171,3.3110463749537478,0,0.008370535714285714
17172,3.350922608319326,0,0.008370535714285714
17173,3.390834082525791,0,0.008370535714285714
17174,3.430764139309923,0,0.008370535714285714
17175,3.2742312631643777,2,0.008389136904761904
17176,3.3143442753266448,0,0.008389136904761904
17177,3.25603621207036,1,0.008389136904761904
17178,3.2961868881004306,0,0.008389136904761904
17179,3.2379103869929704,1,0.008407738095238095
17180,3.278071793712452,0,0.008407738095238095
17181,3.318227478660504,0,0.008407738095238095
17182,3.262466027004669,1,0.008389136904761904
17183,3.302631829692637,0,0.008389136904761904
17184,3.244086677213827,1,0.008389136904761904
17185,3.2842721904319223,0,0.008389136904761904
17186,3.2256801916314384,1,0.008426339285714285
17187,3.167455502195984,1,0.008444940476190476
17188,3.2076788397514466,0,0.008444940476190476
17189,3.2478907037687055,0,0.008444940476190476
17190,3.2880903142301388,0,0.008444940476190476
17191,3.328276858683115,0,0.008444940476190476
17192,3.1725313713143852,2,0.008389136904761904
17193,3.113747300976871,1,0.008370535714285714
17194,3.153426002486348,0,0.008370535714285714
17195,3.0948290568957066,1,0.008370535714285714
17196,3.13477841196924,0,0.008370535714285714
17197,3.174782238758133,0,0.008370535714285714
17198,3.21481996068544,0,0.008370535714285714
17199,3.2548781798135202,0,0.008370535714285714
17200,3.294947624685981,0,0.008370535714285714
17201,3.236597463168057,1,0.008314732142857143
17202,3.177763428105312,1,0.008258928571428572
17203,3.2173040456901303,0,0.008258928571428572
17204,3.2568390121992525,0,0.008258928571428572
17205,3.2963658358633396,0,0.008258928571428572
17206,3.335883356422076,0,0.008258928571428572
17207,3.3753887675090364,0,0.008258928571428572
17208,3.3181927446701383,1,0.008258928571428572
17209,3.3577615872812556,0,0.008258928571428572
17210,3.3973184575952184,0,0.008258928571428572
17211,3.2401420268680403,2,0.008258928571428572
17212,3.279734696231992,0,0.008258928571428572
17213,3.220637426638329,1,0.008277529761904762
17214,3.26025249299693,0,0.008277529761904762
17215,3.299854671350877,0,0.008277529761904762
17216,3.3395013844944517,0,0.008277529761904762
17217,3.1823880451626554,2,0.008277529761904762
17218,3.2222397593981587,0,0.008277529761904762
17219,3.258715797455364,0,0.008277529761904762
17220,3.2954785990240922,0,0.008277529761904762
17221,3.235159806194627,1,0.008240327380952381
17222,3.175412360582305,1,0.008240327380952381
17223,3.1157361548330456,1,0.008277529761904762
17224,3.154675543075947,0,0.008277529761904762
17225,3.1937238373485974,0,0.008277529761904762
17226,3.1346287659613075,1,0.008314732142857143
17227,3.075541058435843,1,0.008296130952380952
17228,3.115080970927466,0,0.008296130952380952
17229,3.1547413652641527,0,0.008296130952380952
17230,3.185605667680937,0,0.008296130952380952
17231,3.2250465713255205,0,0.008296130952380952
17232,3.264503543768198,0,0.008296130952380952
17233,3.303968186416764,0,0.008296130952380952
17234,3.3434342858418153,0,0.008296130952380952
17235,3.3830775907314314,0,0.008296130952380952
17236,3.4228464485169834,0,0.008296130952380952
17237,3.3642594910886783,1,0.008351934523809524
17238,3.4041695884596574,0,0.008351934523809524
17239,3.4440999342346315,0,0.008351934523809524
17240,3.4840387115759603,0,0.008351934523809524
17241,3.5239777709142404,0,0.008351934523809524
17242,3.5639111557816148,0,0.008351934523809524
17243,3.6038362831354416,0,0.008351934523809524
17244,3.6437476316699273,0,0.008351934523809524
17245,3.585299971394088,1,0.008296130952380952
17246,3.52680402300157,1,0.008351934523809524
17247,3.5667283250646973,0,0.008351934523809524
17248,3.3133588570046713,3,0.008333333333333333
17249,3.353428989549016,0,0.008333333333333333
17250,3.39348240364304,0,0.008333333333333333
17251,3.43351752177984,0,0.008333333333333333
17252,3.473532795266554,0,0.008333333333333333
17253,3.5135267222620596,0,0.008333333333333333
17254,3.5534978003294175,0,0.008333333333333333
17255,3.495031189378073,1,0.008370535714285714
17256,3.5350624979563325,0,0.008370535714285714
17257,3.575073180007812,0,0.008370535714285714
17258,3.5166368336869542,1,0.008351934523809524
17259,3.4580465594905574,1,0.008370535714285714
17260,3.497945459259175,0,0.008370535714285714
17261,3.341271223180471,2,0.008351934523809524
17262,3.380716318882207,0,0.008351934523809524
17263,3.3217566422408593,1,0.008333333333333333
17264,3.361226143283596,0,0.008333333333333333
17265,3.400690136129313,0,0.008333333333333333
17266,3.3422094686436883,1,0.008314732142857143
17267,3.3750715412380936,0,0.008314732142857143
17268,3.412295095516494,0,0.008314732142857143
17269,3.255647418148887,2,0.008296130952380952
17270,3.293675358541945,0,0.008296130952380952
17271,3.3319365578283806,0,0.008296130952380952
17272,3.3703393372750496,0,0.008296130952380952
17273,3.408831689742468,0,0.008296130952380952
17274,3.4473816179457812,0,0.008296130952380952
17275,3.4831329249257466,0,0.008296130952380952
17276,3.4229602023545276,1,0.008333333333333333
17277,3.4612165231538983,0,0.008333333333333333
17278,3.4994518376245747,0,0.008333333333333333
17279,3.5376650319302763,0,0.008333333333333333
17280,3.477798907475809,1,0.008314732142857143
17281,3.516299653277177,0,0.008314732142857143
17282,3.4564477865268657,1,0.008351934523809524
17283,3.2982389314753653,2,0.008370535714285714
17284,3.337049875865284,0,0.008370535714285714
17285,3.1802533275326756,2,0.008351934523809524
17286,3.2193186389920703,0,0.008351934523809524
17287,3.1600095688697962,1,0.008351934523809524
17288,3.1002340445889662,1,0.008333333333333333
17289,3.0428636599912147,1,0.008333333333333333
17290,3.081621959670673,0,0.008333333333333333
17291,3.12039122425865,0,0.008333333333333333
17292,2.965746142415241,2,0.008314732142857143
17293,2.90561785869098,1,0.008314732142857143
17294,2.9439449199597907,0,0.008314732142857143
17295,2.9822717455938283,0,0.008314732142857143
17296,3.020595577626123,0,0.008314732142857143
17297,3.0537895987106767,0,0.008314732142857143
17298,2.993171019674196,1,0.008314732142857143
17299,2.933569340410871,1,0.008296130952380952
17300,2.971657805352756,0,0.008296130952380952
17301,3.0098065598054746,0,0.008296130952380952
17302,3.048075205769599,0,0.008296130952380952
17303,3.0866633091000857,0,0.008296130952380952
17304,3.0275352014296124,1,0.008351934523809524
17305,3.06647378189459,0,0.008351934523809524
17306,3.1055176990713336,0,0.008351934523809524
17307,3.141877540671741,0,0.008351934523809524
17308,3.180604335843912,0,0.008351934523809524
17309,3.2193607360243215,0,0.008351934523809524
17310,3.2581377686024275,0,0.008351934523809524
17311,3.2969285462608418,0,0.008351934523809524
17312,3.3357276360691244,0,0.008351934523809524
17313,3.3746900257531904,0,0.008351934523809524
17314,3.413769328438698,0,0.008351934523809524
17315,3.4529208969008494,0,0.008351934523809524
17316,3.393696049792489,1,0.008314732142857143
17317,3.4323598859193196,0,0.008314732142857143
17318,3.2745110265635895,2,0.008333333333333333
17319,3.3132728684402597,0,0.008333333333333333
17320,3.2545853222161956,1,0.008333333333333333
17321,3.1949643937016714,1,0.008333333333333333
17322,3.2338012948628085,0,0.008333333333333333
17323,3.272634318211622,0,0.008333333333333333
17324,3.3114609328846054,0,0.008333333333333333
17325,3.350278904920105,0,0.008333333333333333
17326,3.1928121260196076,2,0.008333333333333333
17327,3.0341983085719435,2,0.008314732142857143
17328,3.072488764955678,0,0.008314732142857143
17329,3.110771093875476,0,0.008314732142857143
17330,3.1490435745649457,0,0.008314732142857143
17331,3.1873039684740507,0,0.008314732142857143
17332,3.1269528086270157,1,0.008370535714285714
17333,3.0684405922110676,1,0.008370535714285714
17334,3.0122367012314966,1,0.008370535714285714
17335,3.0507107926404866,0,0.008370535714285714
17336,3.089455820542466,0,0.008370535714285714
17337,3.1282444211550615,0,0.008370535714285714
17338,3.1670598265331282,0,0.008370535714285714
17339,3.2060155267709045,0,0.008370535714285714
17340,3.244957619532656,0,0.008370535714285714
17341,3.0872038565623807,2,0.008389136904761904
17342,3.126189750760405,0,0.008389136904761904
17343,3.066737144811211,1,0.008333333333333333
17344,3.1057299325205783,0,0.008333333333333333
17345,3.0462836193157674,1,0.008351934523809524
17346,3.0852841278094765,0,0.008351934523809524
17347,3.124269197793229,0,0.008351934523809524
17348,3.065162273141708,1,0.008333333333333333
17349,3.103906991735512,0,0.008333333333333333
17350,3.0442453414441015,1,0.008370535714285714
17351,3.0817935279451816,0,0.008370535714285714
17352,3.0216392109771233,1,0.008333333333333333
17353,2.9615413290958372,1,0.008314732142857143
17354,2.999900529759574,0,0.008314732142857143
17355,3.0382545988589533,0,0.008314732142857143
17356,3.076600714261978,0,0.008314732142857143
17357,3.114956305516157,0,0.008314732142857143
17358,2.9571995653187058,2,0.008333333333333333
17359,2.9953954801914664,0,0.008333333333333333
17360,3.0337391029632648,0,0.008333333333333333
17361,3.0721852727171877,0,0.008333333333333333
17362,3.110703720202305,0,0.008333333333333333
17363,3.1492733006558704,0,0.008333333333333333
17364,3.187879624172837,0,0.008333333333333333
17365,3.226510201485133,0,0.008333333333333333
17366,3.265156071151765,0,0.008333333333333333
17367,3.206290198345995,1,0.008389136904761904
17368,3.1466692618314975,1,0.008407738095238095
17369,3.1855035692678415,0,0.008407738095238095
17370,3.2243404404795926,0,0.008407738095238095
17371,3.263176870336614,0,0.008407738095238095
17372,3.3020102839004983,0,0.008407738095238095
17373,3.3408384359034238,0,0.008407738095238095
17374,3.275129046693132,1,0.008426339285714285
17375,3.3134879155968706,0,0.008426339285714285
17376,3.25408216309682,1,0.008426339285714285
17377,3.1940142559105875,1,0.008407738095238095
17378,3.2323918197658976,0,0.008407738095238095
17379,3.17251727043267,1,0.008444940476190476
17380,3.211188976845443,0,0.008444940476190476
17381,3.249928534950058,0,0.008444940476190476
17382,3.1909452672355045,1,0.008463541666666666
17383,3.131363835099616,1,0.008463541666666666
17384,3.1702519433051948,0,0.008463541666666666
17385,3.209143316355919,0,0.008463541666666666
17386,3.248032568068507,0,0.008463541666666666
17387,3.1885054671954847,1,0.008482142857142856
17388,3.12899167743714,1,0.008482142857142856
17389,3.0695642494140594,1,0.008463541666666666
17390,3.1079917746560413,0,0.008463541666666666
17391,3.1464101075470863,0,0.008463541666666666
17392,3.086415509810718,1,0.008426339285714285
17393,3.026454162621553,1,0.008482142857142856
17394,3.064925481002329,0,0.008482142857142856
17395,3.103386544243226,0,0.008482142857142856
17396,3.1418364490507384,0,0.008482142857142856
17397,3.180274279399062,0,0.008482142857142856
17398,3.2186991847886293,0,0.008482142857142856
17399,3.2571103882181855,0,0.008482142857142856
17400,3.198357056584592,1,0.008500744047619047
17401,3.2367719376190354,0,0.008500744047619047
17402,3.178507114387114,1,0.008519345238095237
17403,3.1185000068083855,1,0.008463541666666666
17404,3.1563356502639506,0,0.008463541666666666
17405,3.1941554636708416,0,0.008463541666666666
17406,3.231958669211607,0,0.008463541666666666
17407,3.269744546599371,0,0.008463541666666666
17408,3.3075122801811214,0,0.008463541666666666
17409,3.3452610633731177,0,0.008463541666666666
17410,3.3829899992704657,0,0.008463541666666666
17411,3.420698264496059,0,0.008463541666666666
17412,3.261284837004128,2,0.008463541666666666
17413,3.2013284854950057,1,0.008444940476190476
17414,3.141102546882592,1,0.008389136904761904
17415,3.17880747876711,0,0.008389136904761904
17416,3.2165150170599692,0,0.008389136904761904
17417,3.2542201796369534,0,0.008389136904761904
17418,3.2919192184984185,0,0.008389136904761904
17419,3.329609179161601,0,0.008389136904761904
17420,3.2694469636496284,1,0.008351934523809524
17421,3.30709870091649,0,0.008351934523809524
17422,3.3447434179322704,0,0.008351934523809524
17423,3.3823789012287655,0,0.008351934523809524
17424,3.3222070405334048,1,0.008296130952380952
17425,3.359894667423907,0,0.008296130952380952
17426,3.397568669084748,0,0.008296130952380952
17427,3.336815728803048,1,0.008296130952380952
17428,3.276811884560256,1,0.008314732142857143
17429,3.3145060433992852,0,0.008314732142857143
17430,3.2537607736354217,1,0.008370535714285714
17431,3.2914532218240784,0,0.008370535714285714
17432,3.2307600233609297,1,0.008333333333333333
17433,3.268508991848895,0,0.008333333333333333
17434,3.3062405852507606,0,0.008333333333333333
17435,3.245529584314898,1,0.008389136904761904
17436,3.2832586616860637,0,0.008389136904761904
17437,3.320969824571824,0,0.008389136904761904
17438,3.3586605790257966,0,0.008389136904761904
17439,3.3963298486061655,0,0.008389136904761904
17440,3.433976598947023,0,0.008389136904761904
17441,3.4715997072699194,0,0.008389136904761904
17442,3.4108347270152213,1,0.008389136904761904
17443,3.448444106708196,0,0.008389136904761904
17444,3.4860271307662574,0,0.008389136904761904
17445,3.5235823932959995,0,0.008389136904761904
17446,3.462684202723403,1,0.008370535714285714
17447,3.500281438788875,0,0.008370535714285714
17448,3.2443738700082925,3,0.008277529761904762
17449,3.282024906340684,0,0.008277529761904762
17450,3.2226719693283683,1,0.008296130952380952
17451,3.063671676752077,2,0.008296130952380952
17452,3.1015516467162145,0,0.008296130952380952
17453,3.041579469660296,1,0.008296130952380952
17454,3.0794642603116755,0,0.008296130952380952
17455,3.01909836391562,1,0.008277529761904762
17456,3.056981866664026,0,0.008277529761904762
17457,3.094852052781135,0,0.008277529761904762
17458,3.0342827542920245,1,0.008240327380952381
17459,2.9738068074701944,1,0.008240327380952381
17460,3.01110157574566,0,0.008240327380952381
17461,3.048381585467944,0,0.008240327380952381
17462,3.0856462534009186,0,0.008240327380952381
17463,3.025054096608605,1,0.00822172619047619
17464,3.062315037185288,0,0.00822172619047619
17465,3.001479121736564,1,0.008203125
17466,3.038732600008102,0,0.008203125
17467,3.075971078046007,0,0.008203125
17468,3.1131928676134906,0,0.008203125
17469,3.150398111323566,0,0.008203125
17470,3.187586001623697,0,0.008203125
17471,3.126877097582805,1,0.008203125
17472,3.065976805584525,1,0.008203125
17473,3.1023422487479166,0,0.008203125
17474,3.138825785581771,0,0.008203125
17475,3.17542258803697,0,0.008203125
17476,3.212096380644086,0,0.008203125
17477,3.248822486764377,0,0.008203125
17478,3.1894579777478342,1,0.008240327380952381
17479,3.2264003172871396,0,0.008240327380952381
17480,3.2633491154949166,0,0.008240327380952381
17481,3.300378199211813,0,0.008240327380952381
17482,3.3347651212246943,0,0.008240327380952381
17483,3.371495915266449,0,0.008240327380952381
17484,3.113958443454726,3,0.008203125
17485,3.150834363453166,0,0.008203125
17486,3.0893127637151774,1,0.00816592261904762
17487,3.0278439609755123,1,0.008203125
17488,3.0649937781142587,0,0.008203125
17489,3.1022713668885786,0,0.008203125
17490,3.1396281261690184,0,0.008203125
17491,3.1770371204929626,0,0.008203125
17492,3.214642286310924,0,0.008203125
17493,3.0508177270768435,2,0.00818452380952381
17494,2.989901519191528,1,0.00818452380952381
17495,3.0265686884292853,0,0.00818452380952381
17496,3.063222976778164,0,0.00818452380952381
17497,3.002057553248207,1,0.008147321428571429
17498,3.038863355614984,0,0.008147321428571429
17499,2.8790916563746576,2,0.00818452380952381
17500,2.9161649396602933,0,0.00818452380952381
17501,2.855153899378271,1,0.008128720238095239
17502,2.8923176980537577,0,0.008128720238095239
17503,2.929497077367843,0,0.008128720238095239
17504,2.9666843381642973,0,0.008128720238095239
17505,3.0038740135188737,0,0.008128720238095239
17506,3.0410620549868854,0,0.008128720238095239
17507,2.8813968546939304,2,0.008147321428571429
17508,2.918640869961526,0,0.008147321428571429
17509,2.857462074084616,1,0.008147321428571429
17510,2.8947247827502265,0,0.008147321428571429
17511,2.8335534108524207,1,0.008128720238095239
17512,2.8708304370879474,0,0.008128720238095239
17513,2.891896214550181,0,0.008128720238095239
17514,2.928549105578589,0,0.008128720238095239
17515,2.965188278483964,0,0.008128720238095239
17516,3.0018127025524426,0,0.008128720238095239
17517,3.038474659396792,0,0.008128720238095239
17518,2.9768443541183336,1,0.00818452380952381
17519,2.9168051668727824,1,0.00818452380952381
17520,2.856025119359577,1,0.008203125
17521,2.8931529511561105,0,0.008203125
17522,2.9303013461685765,0,0.008203125
17523,2.9652454805041244,0,0.008203125
17524,2.9035055352837587,1,0.008258928571428572
17525,2.9402109197198727,0,0.008258928571428572
17526,2.976902351158941,0,0.008258928571428572
17527,3.0136739296920894,0,0.008258928571428572
17528,3.0505975313243856,0,0.008258928571428572
17529,2.990442327707666,1,0.008258928571428572
17530,3.0275231861380116,0,0.008258928571428572
17531,3.0646280994722894,0,0.008258928571428572
17532,3.101744516870245,0,0.008258928571428572
17533,3.040439892550141,1,0.008240327380952381
17534,2.9792944359679523,1,0.008277529761904762
17535,3.016493095013105,0,0.008277529761904762
17536,3.053684232721733,0,0.008277529761904762
17537,3.0908653580985463,0,0.008277529761904762
17538,3.1280356812128276,0,0.008277529761904762
17539,3.1651931938373106,0,0.008277529761904762
17540,3.1039119026996245,1,0.008240327380952381
17541,3.1404740392040016,0,0.008240327380952381
17542,3.0788510838372143,1,0.00822172619047619
17543,3.0164452887943765,1,0.008203125
17544,3.0524965623411227,0,0.008203125
17545,2.9901554728442026,1,0.008147321428571429
17546,2.9289257177975685,1,0.008147321428571429
17547,2.8672551489498312,1,0.008147321428571429
17548,2.903421536166797,0,0.008147321428571429
17549,2.8411612117846476,1,0.00816592261904762
17550,2.877339730431258,0,0.00816592261904762
17551,2.913506836833577,0,0.00816592261904762
17552,2.9496620695266507,0,0.00816592261904762
17553,2.8874662821037127,1,0.008147321428571429
17554,2.9238086657383233,0,0.008147321428571429
17555,2.863188468147007,1,0.008147321428571429
17556,2.899655574489707,0,0.008147321428571429
17557,2.93615111307656,0,0.008147321428571429
17558,2.8742421624807815,1,0.00816592261904762
17559,2.8127819161440657,1,0.008128720238095239
17560,2.8493889730416693,0,0.008128720238095239
17561,2.8860022104275673,0,0.008128720238095239
17562,2.9224869557212365,0,0.008128720238095239
17563,2.958982123924615,0,0.008128720238095239
17564,2.9954839928499752,0,0.008128720238095239
17565,3.0319894405321266,0,0.008128720238095239
17566,2.964953175324185,1,0.00816592261904762
17567,3.001012546343471,0,0.00816592261904762
17568,2.938639996266933,1,0.008147321428571429
17569,2.974718059148628,0,0.008147321428571429
17570,3.0107884562461793,0,0.008147321428571429
17571,3.046857734562607,0,0.008147321428571429
17572,3.0831059339680396,0,0.008147321428571429
17573,3.1194528043432825,0,0.008147321428571429
17574,3.1558571529332493,0,0.008147321428571429
17575,3.1922954343922756,0,0.008147321428571429
17576,3.228753127214629,0,0.008147321428571429
17577,3.2652206521408464,0,0.008147321428571429
17578,3.104880190475522,2,0.008110119047619048
17579,3.0418701023954298,1,0.008091517857142858
17580,3.0773500529087903,0,0.008091517857142858
17581,3.112980219621111,0,0.008091517857142858
17582,3.1487177704575986,0,0.008091517857142858
17583,3.086685512967073,1,0.008147321428571429
17584,3.1225569773751585,0,0.008147321428571429
17585,3.158450287017826,0,0.008147321428571429
17586,3.194440665265983,0,0.008147321428571429
17587,3.230527057750877,0,0.008147321428571429
17588,3.1686887190867297,1,0.008147321428571429
17589,3.2049245736054894,0,0.008147321428571429
17590,3.141628423216547,1,0.008147321428571429
17591,3.1775870625527705,0,0.008147321428571429
17592,3.2135354756449335,0,0.008147321428571429
17593,3.151047811682439,1,0.008128720238095239
17594,3.088581225854239,1,0.008072916666666667
17595,3.027037014749638,1,0.008054315476190475
17596,3.0624493814410645,0,0.008054315476190475
17597,3.0980140076386715,0,0.008054315476190475
17598,3.03523435513738,1,0.008110119047619048
17599,3.0712193128489145,0,0.008110119047619048
17600,3.0094137562935237,1,0.008072916666666667
17601,3.044863148541728,0,0.008072916666666667
17602,3.08029977790062,0,0.008072916666666667
17603,3.1157228641102033,0,0.008072916666666667
17604,3.151131757193685,0,0.008072916666666667
17605,3.1865269945777572,0,0.008072916666666667
17606,3.221906733853126,0,0.008072916666666667
17607,3.2572702812613055,0,0.008072916666666667
17608,3.1945361026553405,1,0.008054315476190475
17609,3.229989215398407,0,0.008054315476190475
17610,3.2655164627452917,0,0.008054315476190475
17611,3.301093613370976,0,0.008054315476190475
17612,3.238546208102645,1,0.008054315476190475
17613,3.2741306988863816,0,0.008054315476190475
17614,3.0145462188605636,3,0.008054315476190475
17615,3.0485717920836355,0,0.008054315476190475
17616,2.9857810603247827,1,0.008072916666666667
17617,2.8240561599126273,2,0.008091517857142858
17618,2.859208665538918,0,0.008091517857142858
17619,2.795931804368984,1,0.008091517857142858
17620,2.8311410843633813,0,0.008091517857142858
17621,2.768108115092888,1,0.008091517857142858
17622,2.803576011760185,0,0.008091517857142858
17623,2.8391464053243185,0,0.008091517857142858
17624,2.7732890671616013,1,0.008110119047619048
17625,2.8085739241109065,0,0.008110119047619048
17626,2.82708265024239,0,0.008110119047619048
17627,2.861799050077941,0,0.008110119047619048
17628,2.8965205386254227,0,0.008110119047619048
17629,2.9318423570313756,0,0.008110119047619048
17630,2.868659500888039,1,0.008091517857142858
17631,2.9043082899102206,0,0.008091517857142858
17632,2.8416850516549017,1,0.008110119047619048
17633,2.877525390547328,0,0.008110119047619048
17634,2.913402955812117,0,0.008110119047619048
17635,2.949303735808668,0,0.008110119047619048
17636,2.982798836575013,0,0.008110119047619048
17637,3.018210566756992,0,0.008110119047619048
17638,3.053611629088308,0,0.008110119047619048
17639,3.089001099989772,0,0.008110119047619048
17640,3.02727514472505,1,0.008110119047619048
17641,3.063021190947643,0,0.008110119047619048
17642,3.0988268549005857,0,0.008110119047619048
17643,3.0368230933909217,1,0.008091517857142858
17644,3.0723189708536047,0,0.008091517857142858
17645,3.106513440136829,0,0.008091517857142858
17646,3.141064608985441,0,0.008091517857142858
17647,3.175866051628359,0,0.008091517857142858
17648,3.2108483140791146,0,0.008091517857142858
17649,3.245963737050688,0,0.008091517857142858
17650,3.0843298874449108,2,0.008091517857142858
17651,3.119688931057337,0,0.008091517857142858
17652,3.057264933221825,1,0.008072916666666667
17653,2.995033302832829,1,0.008091517857142858
17654,3.0301769173002877,0,0.008091517857142858
17655,2.9670784397809826,1,0.008091517857142858
17656,2.986352641758265,0,0.008091517857142858
17657,3.021301254958352,0,0.008091517857142858
17658,3.056272000150281,0,0.008091517857142858
17659,2.9928481771750977,1,0.008110119047619048
17660,2.9286516913106406,1,0.008128720238095239
17661,2.9635118971029373,0,0.008128720238095239
17662,2.998455113754273,0,0.008128720238095239
17663,2.9350228976334733,1,0.008128720238095239
17664,2.9700795251666636,0,0.008128720238095239
17665,2.8083233895659223,2,0.008147321428571429
17666,2.8434807174491574,0,0.008147321428571429
17667,2.7802379479157953,1,0.00816592261904762
17668,2.718066086419924,1,0.00816592261904762
17669,2.753299221052336,0,0.00816592261904762
17670,2.7885285776033237,0,0.00816592261904762
17671,2.823751489889494,0,0.00816592261904762
17672,2.858966276217148,0,0.00816592261904762
17673,2.697494976276009,2,0.00818452380952381
17674,2.7328790594660104,0,0.00818452380952381
17675,2.669834683647174,1,0.008240327380952381
17676,2.705242719996816,0,0.008240327380952381
17677,2.6422207067254417,1,0.008240327380952381
17678,2.6776504363837335,0,0.008240327380952381
17679,2.71307354885317,0,0.008240327380952381
17680,2.7484891860742704,0,0.008240327380952381
17681,2.7838965591991975,0,0.008240327380952381
17682,2.8192949129559315,0,0.008240327380952381
17683,2.854696062743006,0,0.008240327380952381
17684,2.6939488651688324,2,0.008258928571428572
17685,2.7293970401772407,0,0.008258928571428572
17686,2.666410395683917,1,0.00822172619047619
17687,2.7018720688015714,0,0.00822172619047619
17688,2.7373226986425014,0,0.00822172619047619
17689,2.772761729540302,0,0.00822172619047619
17690,2.709764260267381,1,0.00818452380952381
17691,2.745018155732534,0,0.00818452380952381
17692,2.7802958728910654,0,0.00818452380952381
17693,2.8155870862594203,0,0.00818452380952381
17694,2.8508845942103664,0,0.00818452380952381
17695,2.6909359062407243,2,0.008258928571428572
17696,2.726299791443623,0,0.008258928571428572
17697,2.7616592570491405,0,0.008258928571428572
17698,2.699172942333858,1,0.00822172619047619
17699,2.7345507466708354,0,0.00822172619047619
17700,2.769918423929986,0,0.00822172619047619
17701,2.805274216060504,0,0.00822172619047619
17702,2.84061668094513,0,0.00822172619047619
17703,2.7805474073406087,1,0.008203125
17704,2.815965428417483,0,0.008203125
17705,2.851371421427001,0,0.008203125
17706,2.886765464189261,0,0.008203125
17707,2.922145718262312,0,0.008203125
17708,2.957512243251165,0,0.008203125
17709,2.894439133182301,1,0.00822172619047619
17710,2.929809000732464,0,0.00822172619047619
17711,2.8667972814538234,1,0.008277529761904762
17712,2.7058635357338763,2,0.008258928571428572
17713,2.7406725856787633,0,0.008258928571428572
17714,2.7754791649348176,0,0.008258928571428572
17715,2.711857158272742,1,0.008277529761904762
17716,2.744141309668583,0,0.008277529761904762
17717,2.7784356671227446,0,0.008277529761904762
17718,2.812717155718949,0,0.008277529761904762
17719,2.748560897865789,1,0.008277529761904762
17720,2.684989020759239,1,0.008240327380952381
17721,2.7193050931550125,0,0.008240327380952381
17722,2.753789299655766,0,0.008240327380952381
17723,2.788366291966132,0,0.008240327380952381
17724,2.724911598693259,1,0.008258928571428572
17725,2.661181048752999,1,0.008296130952380952
17726,2.695928225520687,0,0.008296130952380952
17727,2.7306865643699108,0,0.008296130952380952
17728,2.7654480500497276,0,0.008296130952380952
17729,2.8002070134956,0,0.008296130952380952
17730,2.8350439297159005,0,0.008296130952380952
17731,2.869964086005715,0,0.008296130952380952
17732,2.806516858636607,1,0.008240327380952381
17733,2.8415674641303035,0,0.008240327380952381
17734,2.7781602817400795,1,0.008240327380952381
17735,2.813235855634697,0,0.008240327380952381
17736,2.8483360270926688,0,0.008240327380952381
17737,2.883454220098012,0,0.008240327380952381
17738,2.9185851029488696,0,0.008240327380952381
17739,2.946211208237733,0,0.008240327380952381
17740,2.884190971901609,1,0.00822172619047619
17741,2.9188961158968865,0,0.00822172619047619
17742,2.9535957186004316,0,0.00822172619047619
17743,2.9831732166089697,0,0.00822172619047619
17744,3.0174708319436307,0,0.00822172619047619
17745,2.953470722694092,1,0.008277529761904762
17746,2.9874580199216623,0,0.008277529761904762
17747,3.021487487792337,0,0.008277529761904762
17748,3.055602809712467,0,0.008277529761904762
17749,2.991520971562516,1,0.008277529761904762
17750,3.0259624304039807,0,0.008277529761904762
17751,2.9630566522809785,1,0.008314732142857143
17752,2.99731287358012,0,0.008314732142857143
17753,3.031675285873573,0,0.008314732142857143
17754,2.967680352258609,1,0.008351934523809524
17755,3.0021872861868,0,0.008351934523809524
17756,2.9382969416989706,1,0.008370535714285714
17757,2.9722814643137236,0,0.008370535714285714
17758,3.0063593338481787,0,0.008370535714285714
17759,3.0405301187523706,0,0.008370535714285714
17760,2.877432848751234,2,0.008482142857142856
17761,2.9112483731100594,0,0.008482142857142856
17762,2.9450983975088003,0,0.008482142857142856
17763,2.9789718133891565,0,0.008482142857142856
17764,3.0128598492629526,0,0.008482142857142856
17765,3.0467555625228573,0,0.008482142857142856
17766,2.9809128645548664,1,0.008500744047619047
17767,3.014515751949815,0,0.008500744047619047
17768,3.0481937823529286,0,0.008500744047619047
17769,3.081951782622249,0,0.008500744047619047
17770,3.11576514725345,0,0.008500744047619047
17771,3.1496167901865886,0,0.008500744047619047
17772,3.183653327450854,0,0.008500744047619047
17773,3.2178232282965755,0,0.008500744047619047
17774,3.1536849277773262,1,0.008537946428571428
17775,3.188062992826127,0,0.008537946428571428
17776,3.222641611070271,0,0.008537946428571428
17777,3.257218945315815,0,0.008537946428571428
17778,3.1934445049309788,1,0.00857514880952381
17779,3.2280454682065916,0,0.00857514880952381
17780,2.9675983572277174,3,0.00857514880952381
17781,3.002336347758747,0,0.00857514880952381
17782,3.037067533149766,0,0.00857514880952381
17783,3.065661008634554,0,0.00857514880952381
17784,3.0998630052125513,0,0.00857514880952381
17785,3.0356249970481537,1,0.00857514880952381
17786,2.9717172546214385,1,0.00859375
17787,2.9076802757753524,1,0.008612351190476191
17788,2.9420725940927053,0,0.008612351190476191
17789,2.9765870433678954,0,0.008612351190476191
17790,2.9128211945936404,1,0.008630952380952382
17791,2.8493294727618026,1,0.008649553571428572
17792,2.8841449709242837,0,0.008649553571428572
17793,2.9180732146192354,0,0.008649553571428572
17794,2.9525182090971454,0,0.008649553571428572
17795,2.986998985748235,0,0.008649553571428572
17796,2.8272795372607593,2,0.008649553571428572
17797,2.8618565857792664,0,0.008649553571428572
17798,2.798023782000206,1,0.008686755952380953
17799,2.832599767925762,0,0.008686755952380953
17800,2.867339301814046,0,0.008686755952380953
17801,2.9021821780139776,0,0.008686755952380953
17802,2.9325784859535187,0,0.008686755952380953
17803,2.967045210844333,0,0.008686755952380953
17804,3.001531798465073,0,0.008686755952380953
17805,2.9401871077709982,1,0.008630952380952382
17806,2.876450473407315,1,0.00857514880952381
17807,2.911235797820762,0,0.00857514880952381
17808,2.9461962761578686,0,0.00857514880952381
17809,2.981258181399764,0,0.00857514880952381
17810,3.016381977323545,0,0.00857514880952381
17811,3.0515442888397466,0,0.00857514880952381
17812,3.0867301275028485,0,0.00857514880952381
17813,3.0238364273846594,1,0.008612351190476191
17814,3.059075656696692,0,0.008612351190476191
17815,3.09141061485049,0,0.008612351190476191
17816,2.928294346404631,2,0.008649553571428572
17817,2.9625416755923806,0,0.008649553571428572
17818,2.899082229633742,1,0.008649553571428572
17819,2.9338438519160963,0,0.008649553571428572
17820,2.9687161097956025,0,0.008649553571428572
17821,3.0036607066974597,0,0.008649553571428572
17822,3.0386530914742247,0,0.008649553571428572
17823,2.8804324078277834,2,0.00859375
17824,2.9156195319402336,0,0.00859375
17825,2.9508236725915418,0,0.00859375
17826,2.8876290508392857,1,0.008612351190476191
17827,2.92289249540605,0,0.008612351190476191
17828,2.9581589588752526,0,0.008612351190476191
17829,2.895013565419815,1,0.008612351190476191
17830,2.9303122988542833,0,0.008612351190476191
17831,2.768916745713684,2,0.00859375
17832,2.708950625785679,1,0.008612351190476191
17833,2.645888324689277,1,0.008612351190476191
17834,2.5828622456045003,1,0.00855654761904762
17835,2.6182899675004143,0,0.00855654761904762
17836,2.653711366251692,0,0.00855654761904762
17837,2.6891264503306185,0,0.00855654761904762
17838,2.6267001352557053,1,0.008537946428571428
17839,2.563707136762631,1,0.008519345238095237
17840,2.5991632663356783,0,0.008519345238095237
17841,2.536015732825083,1,0.008519345238095237
17842,2.5713260552798833,0,0.008519345238095237
17843,2.5021706466266376,1,0.008537946428571428
17844,2.537100936745068,0,0.008537946428571428
17845,2.5720217379638446,0,0.008537946428571428
17846,2.606938259266167,0,0.008537946428571428
17847,2.6418437491766116,0,0.008537946428571428
17848,2.6767375176200328,0,0.008537946428571428
17849,2.7117619794108645,0,0.008537946428571428
17850,2.550078830866391,2,0.008463541666666666
17851,2.585123008889027,0,0.008463541666666666
17852,2.51991101887572,1,0.008500744047619047
17853,2.5537537238467416,0,0.008500744047619047
17854,2.5879803085137745,0,0.008500744047619047
17855,2.622470147958884,0,0.008500744047619047
17856,2.6572542611672896,0,0.008500744047619047
17857,2.6921610048232782,0,0.008500744047619047
17858,2.727158795783424,0,0.008500744047619047
17859,2.7622249916463324,0,0.008500744047619047
17860,2.6999464273628435,1,0.008482142857142856
17861,2.538288765092429,2,0.008444940476190476
17862,2.572979830063656,0,0.008444940476190476
17863,2.594326095240868,0,0.008444940476190476
17864,2.5302552038835784,1,0.008482142857142856
17865,2.5640351064521316,0,0.008482142857142856
17866,2.5978075289335516,0,0.008482142857142856
17867,2.6317604726650075,0,0.008482142857142856
17868,2.665848908545387,0,0.008482142857142856
17869,2.6019103732664286,1,0.008500744047619047
17870,2.636145675754911,0,0.008500744047619047
17871,2.670487944653905,0,0.008500744047619047
17872,2.7049324702707707,0,0.008500744047619047
17873,2.7394487252249604,0,0.008500744047619047
17874,2.676235105007188,1,0.008519345238095237
17875,2.7109354100358996,0,0.008519345238095237
17876,2.7456655125742877,0,0.008519345238095237
17877,2.7804174090927383,0,0.008519345238095237
17878,2.716919378061715,1,0.008500744047619047
17879,2.7511337285449997,0,0.008500744047619047
17880,2.78535593224642,0,0.008500744047619047
17881,2.7174847167338076,1,0.008482142857142856
17882,2.7512747242043103,0,0.008482142857142856
17883,2.7850559584057306,0,0.008482142857142856
17884,2.8188278169191325,0,0.008482142857142856
17885,2.852589754796696,0,0.008482142857142856
17886,2.7879915348645334,1,0.008482142857142856
17887,2.723964165986442,1,0.008482142857142856
17888,2.758083168038794,0,0.008482142857142856
17889,2.792255917126488,0,0.008482142857142856
17890,2.728258833064801,1,0.008463541666666666
17891,2.6650613251634643,1,0.008407738095238095
17892,2.6994557866886537,0,0.008407738095238095
17893,2.733949482047237,0,0.008407738095238095
17894,2.768514597314594,0,0.008407738095238095
17895,2.803131774295942,0,0.008407738095238095
17896,2.8377871308332017,0,0.008407738095238095
17897,2.872470396539662,0,0.008407738095238095
17898,2.8087495271478637,1,0.008426339285714285
17899,2.8435021496459307,0,0.008426339285714285
17900,2.7798405891163753,1,0.008444940476190476
17901,2.8146446194030625,0,0.008444940476190476
17902,2.84945242800252,0,0.008444940476190476
17903,2.8842614158206623,0,0.008444940476190476
17904,2.9144377785728666,0,0.008444940476190476
17905,2.948750495781795,0,0.008444940476190476
17906,2.884770610709164,1,0.008482142857142856
17907,2.9190920818860944,0,0.008482142857142856
17908,2.9534011009513415,0,0.008482142857142856
17909,2.9878356751491917,0,0.008482142857142856
17910,3.022390544555557,0,0.008482142857142856
17911,3.057013607868646,0,0.008482142857142856
17912,3.0916761595564295,0,0.008482142857142856
17913,3.029455290875627,1,0.008426339285714285
17914,3.064184260369867,0,0.008426339285714285
17915,3.0005037511271673,1,0.008389136904761904
17916,2.9371927880182365,1,0.008389136904761904
17917,2.9716021518576436,0,0.008389136904761904
17918,3.0060995139736337,0,0.008389136904761904
17919,2.943151239175535,1,0.008389136904761904
17920,2.8791277226808836,1,0.008389136904761904
17921,2.9130164080319974,0,0.008389136904761904
17922,2.9469432063502,0,0.008389136904761904
17923,2.9808967056684765,0,0.008389136904761904
17924,3.0148673532062715,0,0.008389136904761904
17925,3.0488492899922073,0,0.008389136904761904
17926,2.984413660720668,1,0.008351934523809524
17927,3.014949626377688,0,0.008351934523809524
17928,3.048474404683099,0,0.008351934523809524
17929,3.0819871087406367,0,0.008351934523809524
17930,3.1154857897438326,0,0.008351934523809524
17931,3.148969341234933,0,0.008351934523809524
17932,3.0841282061332422,1,0.008333333333333333
17933,3.117902061815298,0,0.008333333333333333
17934,3.1517632214733213,0,0.008333333333333333
17935,3.1856734398349618,0,0.008333333333333333
17936,3.2196107985719173,0,0.008333333333333333
17937,3.253651474853961,0,0.008333333333333333
17938,3.2877819690262857,0,0.008333333333333333
17939,3.223626713926732,1,0.008351934523809524
17940,3.1595400461980074,1,0.008314732142857143
17941,3.1939452445357013,0,0.008314732142857143
17942,3.2283729390620364,0,0.008314732142857143
17943,3.2628148578653895,0,0.008314732142857143
17944,3.19884108059335,1,0.008314732142857143
17945,3.2327281746436487,0,0.008314732142857143
17946,2.9715122060734918,3,0.008389136904761904
17947,3.0021549143839956,0,0.008389136904761904
17948,3.0360472557596188,0,0.008389136904761904
17949,3.0699942688756727,0,0.008389136904761904
17950,3.103973269105923,0,0.008389136904761904
17951,3.0395814625105038,1,0.008389136904761904
17952,2.8767937221540354,2,0.008370535714285714
17953,2.9103651663923915,0,0.008370535714285714
17954,2.9431134460180535,0,0.008370535714285714
17955,2.879071432757566,1,0.008351934523809524
17956,2.8141544911227823,1,0.008296130952380952
17957,2.847713129514147,0,0.008296130952380952
17958,2.8812703337910417,0,0.008296130952380952
17959,2.914823097656647,0,0.008296130952380952
17960,2.9485526924227,0,0.008296130952380952
17961,2.982382866749594,0,0.008296130952380952
17962,2.8194985197716718,2,0.008277529761904762
17963,2.85373321509674,0,0.008277529761904762
17964,2.888043757774615,0,0.008277529761904762
17965,2.922435345825873,0,0.008277529761904762
17966,2.8589763294581574,1,0.008240327380952381
17967,2.893510282719484,0,0.008240327380952381
17968,2.9280726172276643,0,0.008240327380952381
17969,2.8653653220022046,1,0.008240327380952381
17970,2.899994339974762,0,0.008240327380952381
17971,2.934631068074392,0,0.008240327380952381
17972,2.8680877284115405,1,0.008296130952380952
17973,2.9023124002022724,0,0.008296130952380952
17974,2.93652180033991,0,0.008296130952380952
17975,2.970715206098294,0,0.008296130952380952
17976,3.004892779985914,0,0.008296130952380952
17977,2.942538199573475,1,0.008258928571428572
17978,2.87984291183039,1,0.00822172619047619
17979,2.914635804559751,0,0.00822172619047619
17980,2.9494106021804334,0,0.00822172619047619
17981,2.886390560197336,1,0.008203125
17982,2.9212304436584713,0,0.008203125
17983,2.95605487282117,0,0.008203125
17984,2.89245540188195,1,0.008240327380952381
17985,2.829620908064565,1,0.008277529761904762
17986,2.864505619904758,0,0.008277529761904762
17987,2.8010677438998446,1,0.008314732142857143
17988,2.835965738543479,0,0.008314732142857143
17989,2.674051444626444,2,0.008296130952380952
17990,2.708993018848501,0,0.008296130952380952
17991,2.7439220592145546,0,0.008296130952380952
17992,2.778838224770738,0,0.008296130952380952
17993,2.813741094262026,0,0.008296130952380952
17994,2.8486302662228775,0,0.008296130952380952
17995,2.7850810115999725,1,0.008277529761904762
17996,2.819977392112333,0,0.008277529761904762
17997,2.7564354015043917,1,0.008277529761904762
17998,2.693363076777034,1,0.008296130952380952
17999,2.6298755921292054,1,0.008333333333333333
18000,2.565958730330895,1,0.008389136904761904
18001,2.6006020372500736,0,0.008389136904761904
18002,2.6355493966800356,0,0.008389136904761904
18003,2.670483970071237,0,0.008389136904761904
18004,2.6080782691229785,1,0.008389136904761904
18005,2.544013147670504,1,0.008351934523809524
18006,2.578374804893611,0,0.008351934523809524
18007,2.5143019447647377,1,0.008351934523809524
18008,2.548677572642437,0,0.008351934523809524
18009,2.484618081625244,1,0.008333333333333333
18010,2.5190065231089567,0,0.008333333333333333
18011,2.553384584721624,0,0.008333333333333333
18012,2.587750777824877,0,0.008333333333333333
18013,2.6221045011440367,0,0.008333333333333333
18014,2.6564451507056015,0,0.008333333333333333
18015,2.690772114553064,0,0.008333333333333333
18016,2.6266604971810614,1,0.008333333333333333
18017,2.6609933890983815,0,0.008333333333333333
18018,2.4982864540881535,2,0.008314732142857143
18019,2.435563317741718,1,0.008314732142857143
18020,2.4701956502809295,0,0.008314732142857143
18021,2.5048914112716325,0,0.008314732142857143
18022,2.5396327680556667,0,0.008314732142857143
18023,2.5744071565927396,0,0.008314732142857143
18024,2.609205346793885,0,0.008314732142857143
18025,2.6440204442664146,0,0.008314732142857143
18026,2.5804229061501225,1,0.008370535714285714
18027,2.516276448702453,1,0.008370535714285714
18028,2.550588155080708,0,0.008370535714285714
18029,2.5849030704974547,0,0.008370535714285714
18030,2.6192189569666713,0,0.008370535714285714
18031,2.558042869964055,1,0.008389136904761904
18032,2.5923884527939705,0,0.008389136904761904
18033,2.6212260738053823,0,0.008389136904761904
18034,2.655060040503624,0,0.008389136904761904
18035,2.590716893178813,1,0.008389136904761904
18036,2.6245627675851257,0,0.008389136904761904
18037,2.6584000421772673,0,0.008389136904761904
18038,2.6924004066305063,0,0.008389136904761904
18039,2.7265138162748004,0,0.008389136904761904
18040,2.6622684131124914,1,0.008351934523809524
18041,2.6964790127620653,0,0.008351934523809524
18042,2.7307165755060705,0,0.008351934523809524
18043,2.764971367268116,0,0.008351934523809524
18044,2.7992351686817547,0,0.008351934523809524
18045,2.833502740905144,0,0.008351934523809524
18046,2.8677701865139884,0,0.008351934523809524
18047,2.8036110562049856,1,0.008351934523809524
18048,2.8379058617500874,0,0.008351934523809524
18049,2.8721940256703578,0,0.008351934523809524
18050,2.9064739069162324,0,0.008351934523809524
18051,2.9407441177758664,0,0.008351934523809524
18052,2.8765879705953274,1,0.008389136904761904
18053,2.8124932895955572,1,0.008389136904761904
18054,2.8468589317563184,0,0.008389136904761904
18055,2.881295705091591,0,0.008389136904761904
18056,2.8173607863438423,1,0.008389136904761904
18057,2.655934260318739,2,0.008389136904761904
18058,2.689997156141086,0,0.008389136904761904
18059,2.724081902592601,0,0.008389136904761904
18060,2.7581819120302646,0,0.008389136904761904
18061,2.7922933984331038,0,0.008389136904761904
18062,2.8264105254652154,0,0.008389136904761904
18063,2.8605295860009368,0,0.008389136904761904
18064,2.796287179727159,1,0.008389136904761904
18065,2.8305051929154788,0,0.008389136904761904
18066,2.766632997225788,1,0.008407738095238095
18067,2.800464056933356,0,0.008407738095238095
18068,2.834358601341506,0,0.008407738095238095
18069,2.868299120149684,0,0.008407738095238095
18070,2.896338369600957,0,0.008407738095238095
18071,2.929847324535444,0,0.008407738095238095
18072,2.8650703662084065,1,0.008407738095238095
18073,2.898632007680193,0,0.008407738095238095
18074,2.932195916708535,0,0.008407738095238095
18075,2.9657832099998496,0,0.008407738095238095
18076,2.9959332464430988,0,0.008407738095238095
18077,3.0293221378702486,0,0.008407738095238095
18078,2.9644502239154638,1,0.008407738095238095
18079,2.898926527057432,1,0.008426339285714285
18080,2.9319460485710387,0,0.008426339285714285
18081,2.867268563255979,1,0.008370535714285714
18082,2.9006123593101902,0,0.008370535714285714
18083,2.934054628209062,0,0.008370535714285714
18084,2.9675588198850846,0,0.008370535714285714
18085,3.0011029412208785,0,0.008370535714285714
18086,2.936577675322908,1,0.008407738095238095
18087,2.970198471785916,0,0.008407738095238095
18088,3.003829416639105,0,0.008407738095238095
18089,3.037465534685962,0,0.008407738095238095
18090,3.0711030318867127,0,0.008407738095238095
18091,3.104738943484731,0,0.008407738095238095
18092,3.0401629447779954,1,0.008407738095238095
18093,3.07382371719561,0,0.008407738095238095
18094,3.107477834216239,0,0.008407738095238095
18095,3.1411238989550383,0,0.008407738095238095
18096,3.174760693534269,0,0.008407738095238095
18097,3.2083871428460538,0,0.008407738095238095
18098,3.1435904813565863,1,0.008463541666666666
18099,3.177229377671143,0,0.008463541666666666
18100,3.2108560868883957,0,0.008463541666666666
18101,3.2444698772919462,0,0.008463541666666666
18102,3.180933203567039,1,0.008407738095238095
18103,3.214550867211366,0,0.008407738095238095
18104,3.150313297797336,1,0.008426339285714285
18105,3.1839534954859,0,0.008426339285714285
18106,3.1191559223879954,1,0.008444940476190476
18107,3.152803646915392,0,0.008444940476190476
18108,3.186437496045317,0,0.008444940476190476
18109,3.2200569572173277,0,0.008444940476190476
18110,3.2536615253667747,0,0.008444940476190476
18111,3.2872507008741096,0,0.008444940476190476
18112,3.0255624231153018,3,0.008444940476190476
18113,3.0592248866197904,0,0.008444940476190476
18114,3.09287271321653,0,0.008444940476190476
18115,3.126505682989844,0,0.008444940476190476
18116,3.160123288217818,0,0.008444940476190476
18117,3.096435632078088,1,0.008444940476190476
18118,3.03163374514528,1,0.008463541666666666
18119,3.065275475744687,0,0.008463541666666666
18120,3.0006051814442842,1,0.008426339285714285
18121,3.0342505218032767,0,0.008426339285714285
18122,2.969483054000246,1,0.008444940476190476
18123,2.904786021634449,1,0.008407738095238095
18124,2.9378736435190103,0,0.008407738095238095
18125,2.970947055542432,0,0.008407738095238095
18126,3.003997313620453,0,0.008407738095238095
18127,2.9384224994287926,1,0.008389136904761904
18128,2.774632219282347,2,0.008463541666666666
18129,2.806537462678503,0,0.008463541666666666
18130,2.8384305950682482,0,0.008463541666666666
18131,2.870311090531311,0,0.008463541666666666
18132,2.8037667182530304,1,0.008482142857142856
18133,2.835655603296971,0,0.008482142857142856
18134,2.7697104050554366,1,0.008482142857142856
18135,2.801606518823028,0,0.008482142857142856
18136,2.8334891743261745,0,0.008482142857142856
18137,2.865358018365212,0,0.008482142857142856
18138,2.7984175492121754,1,0.008444940476190476
18139,2.8299460541527366,0,0.008444940476190476
18140,2.8523253006642175,0,0.008444940476190476
18141,2.8835710177434533,0,0.008444940476190476
18142,2.8163798599359944,1,0.008426339285714285
18143,2.749209093716795,1,0.008407738095238095
18144,2.6820872204899393,1,0.008444940476190476
18145,2.7134527130737474,0,0.008444940476190476
18146,2.7450448990110345,0,0.008444940476190476
18147,2.678393018841911,1,0.008482142857142856
18148,2.709717658734129,0,0.008482142857142856
18149,2.643287285765678,1,0.008482142857142856
18150,2.6741814342598076,0,0.008482142857142856
18151,2.606694344248189,1,0.008463541666666666
18152,2.6376938933896548,0,0.008463541666666666
18153,2.5702885589888393,1,0.008463541666666666
18154,2.6013514338223134,0,0.008463541666666666
18155,2.533998581617173,1,0.008500744047619047
18156,2.4661847671109696,1,0.00855654761904762
18157,2.492767716853275,0,0.00855654761904762
18158,2.5234265060287484,0,0.00855654761904762
18159,2.5540749167766608,0,0.00855654761904762
18160,2.5847116953192018,0,0.00855654761904762
18161,2.516912140871208,1,0.00857514880952381
18162,2.449922818952828,1,0.008519345238095237
18163,2.4810221492059252,0,0.008519345238095237
18164,2.4138518855880426,1,0.00855654761904762
18165,2.445270975708387,0,0.00855654761904762
18166,2.280454171928049,2,0.008463541666666666
18167,2.3115149675181117,0,0.008463541666666666
18168,2.3426145589781795,0,0.008463541666666666
18169,2.3737428264937055,0,0.008463541666666666
18170,2.4048921451368996,0,0.008463541666666666
18171,2.435703428956032,0,0.008463541666666666
18172,2.2699492341163703,2,0.008426339285714285
18173,2.3005687949058915,0,0.008426339285714285
18174,2.3312772046926886,0,0.008426339285714285
18175,2.2636288578250325,1,0.008463541666666666
18176,2.2944900637932433,0,0.008463541666666666
18177,2.319262172175856,0,0.008463541666666666
18178,2.3496829805623793,0,0.008463541666666666
18179,2.380123642937757,0,0.008463541666666666
18180,2.39722083136676,0,0.008463541666666666
18181,2.4272973354717537,0,0.008463541666666666
18182,2.4575212576937093,0,0.008463541666666666
18183,2.38923747093397,1,0.008463541666666666
18184,2.222878921622517,2,0.008519345238095237
18185,2.1551733233331403,1,0.008500744047619047
18186,2.185476875636573,0,0.008500744047619047
18187,2.215886969867293,0,0.008500744047619047
18188,2.2464774452698055,0,0.008500744047619047
18189,2.2772773566930966,0,0.008500744047619047
18190,2.308204696098061,0,0.008500744047619047
18191,2.3392154950067177,0,0.008500744047619047
18192,2.370281445197323,0,0.008500744047619047
18193,2.3029798472067275,1,0.008519345238095237
18194,2.3341459130753863,0,0.008519345238095237
18195,2.365329875713745,0,0.008519345238095237
18196,2.3965254275969654,0,0.008519345238095237
18197,2.3293034206695196,1,0.008519345238095237
18198,2.360543779597288,0,0.008519345238095237
18199,2.391784715366818,0,0.008519345238095237
18200,2.4230236609486213,0,0.008519345238095237
18201,2.3558341117330026,1,0.008482142857142856
18202,2.3870978688431026,0,0.008482142857142856
18203,2.418354542882914,0,0.008482142857142856
18204,2.4493352845572742,0,0.008482142857142856
18205,2.480335663573775,0,0.008482142857142856
18206,2.5090670853893116,0,0.008482142857142856
18207,2.4424628393884795,1,0.008463541666666666
18208,2.374874344137796,1,0.008444940476190476
18209,2.396893713487662,0,0.008444940476190476
18210,2.4249993059145565,0,0.008444940476190476
18211,2.4540642325911026,0,0.008444940476190476
18212,2.4836398064722793,0,0.008444940476190476
18213,2.4152137066651034,1,0.008426339285714285
18214,2.442425890274891,0,0.008426339285714285
18215,2.472476651334768,0,0.008426339285714285
18216,2.502647807768462,0,0.008426339285714285
18217,2.532905354435738,0,0.008426339285714285
18218,2.4648573007118184,1,0.008444940476190476
18219,2.396856247621749,1,0.008463541666666666
18220,2.427525861177563,0,0.008463541666666666
18221,2.458230665638782,0,0.008463541666666666
18222,2.3906849473712364,1,0.008426339285714285
18223,2.3232205939427177,1,0.008444940476190476
18224,2.3536569590137573,0,0.008444940476190476
18225,2.376627447597026,0,0.008444940476190476
18226,2.406639935762928,0,0.008444940476190476
18227,2.436665682353354,0,0.008444940476190476
18228,2.466700354122301,0,0.008444940476190476
18229,2.496748049986302,0,0.008444940476190476
18230,2.428593204305756,1,0.008426339285714285
18231,2.459015038221308,0,0.008426339285714285
18232,2.4895061118317656,0,0.008426339285714285
18233,2.5200805406775664,0,0.008426339285714285
18234,2.5507784438685137,0,0.008426339285714285
18235,2.5815655228502576,0,0.008426339285714285
18236,2.6124182221050973,0,0.008426339285714285
18237,2.643319716526635,0,0.008426339285714285
18238,2.57583577880005,1,0.008389136904761904
18239,2.606832163339129,0,0.008389136904761904
18240,2.637853052704482,0,0.008389136904761904
18241,2.6688923661114767,0,0.008389136904761904
18242,2.6970322985628554,0,0.008389136904761904
18243,2.7276498539681233,0,0.008389136904761904
18244,2.7582614829777383,0,0.008389136904761904
18245,2.5934175446044265,2,0.008370535714285714
18246,2.624081890115372,0,0.008370535714285714
18247,2.654738568444627,0,0.008370535714285714
18248,2.5865846731271502,1,0.008426339285714285
18249,2.6175025776121617,0,0.008426339285714285
18250,2.648494180707057,0,0.008426339285714285
18251,2.581701975483719,1,0.008426339285714285
18252,2.5152232495427773,1,0.008426339285714285
18253,2.5463990739547704,0,0.008426339285714285
18254,2.577587853366298,0,0.008426339285714285
18255,2.6087839925711767,0,0.008426339285714285
18256,2.639983326990944,0,0.008426339285714285
18257,2.671182621629161,0,0.008426339285714285
18258,2.6039934302692673,1,0.008426339285714285
18259,2.635231909619061,0,0.008426339285714285
18260,2.6664652049595547,0,0.008426339285714285
18261,2.697691843845485,0,0.008426339285714285
18262,2.7289105174726807,0,0.008426339285714285
18263,2.760120095985334,0,0.008426339285714285
18264,2.6940805474360667,1,0.008426339285714285
18265,2.725304142377793,0,0.008426339285714285
18266,2.7565164841605703,0,0.008426339285714285
18267,2.7877167278737898,0,0.008426339285714285
18268,2.818904039083387,0,0.008426339285714285
18269,2.6533826864251067,2,0.008482142857142856
18270,2.684611879309619,0,0.008482142857142856
18271,2.7158279490563415,0,0.008482142857142856
18272,2.648605283131352,1,0.008463541666666666
18273,2.6798266412546967,0,0.008463541666666666
18274,2.711032810289643,0,0.008463541666666666
18275,2.742223053803217,0,0.008463541666666666
18276,2.7733964724833458,0,0.008463541666666666
18277,2.706713101273433,1,0.008444940476190476
18278,2.541101588656787,2,0.008426339285714285
18279,2.5723944265915595,0,0.008426339285714285
18280,2.6036738406974407,0,0.008426339285714285
18281,2.6349392755617926,0,0.008426339285714285
18282,2.5683599277814313,1,0.008389136904761904
18283,2.5996299805845684,0,0.008389136904761904
18284,2.5324777570111685,1,0.008426339285714285
18285,2.5637527193006933,0,0.008426339285714285
18286,2.496597453156235,1,0.008482142857142856
18287,2.527871225768601,0,0.008482142857142856
18288,2.5591297087964815,0,0.008482142857142856
18289,2.5903720986479932,0,0.008482142857142856
18290,2.6215975997796255,0,0.008482142857142856
18291,2.6528053860505123,0,0.008482142857142856
18292,2.6839945963325054,0,0.008482142857142856
18293,2.715164328948045,0,0.008482142857142856
18294,2.6479885627398905,1,0.008519345238095237
18295,2.6792217099886044,0,0.008519345238095237
18296,2.7104378159144122,0,0.008519345238095237
18297,2.7416361725080174,0,0.008519345238095237
18298,2.6743933171067242,1,0.008519345238095237
18299,2.705590644586382,0,0.008519345238095237
18300,2.6383445210546195,1,0.008500744047619047
18301,2.668937856627324,0,0.008500744047619047
18302,2.699511097836301,0,0.008500744047619047
18303,2.7300633634269076,0,0.008500744047619047
18304,2.6622441774885557,1,0.008519345238095237
18305,2.693009257260468,0,0.008519345238095237
18306,2.723843377738226,0,0.008519345238095237
18307,2.7547146838842003,0,0.008519345238095237
18308,2.687199102741654,1,0.008537946428571428
18309,2.5224126035056353,2,0.008519345238095237
18310,2.5529355644429788,0,0.008519345238095237
18311,2.5834594350364277,0,0.008519345238095237
18312,2.614064911901915,0,0.008519345238095237
18313,2.644754256783784,0,0.008519345238095237
18314,2.675500802430423,0,0.008519345238095237
18315,2.7062857993442213,0,0.008519345238095237
18316,2.639864726288144,1,0.00855654761904762
18317,2.5723767850872665,1,0.00855654761904762
18318,2.603358902740267,0,0.00855654761904762
18319,2.634349286389213,0,0.00855654761904762
18320,2.6653414080676288,0,0.00855654761904762
18321,2.5979068023017504,1,0.008537946428571428
18322,2.523381364995191,1,0.008537946428571428
18323,2.5518414813336094,0,0.008537946428571428
18324,2.5808472205548902,0,0.008537946428571428
18325,2.6101392849887968,0,0.008537946428571428
18326,2.639598073249479,0,0.008537946428571428
18327,2.5707413890936404,1,0.008537946428571428
18328,2.600403402935645,0,0.008537946428571428
18329,2.531356305472057,1,0.00859375
18330,2.462783561435699,1,0.008537946428571428
18331,2.492903423874545,0,0.008537946428571428
18332,2.327376634695573,2,0.008519345238095237
18333,2.357544789491169,0,0.008519345238095237
18334,2.38777775203649,0,0.008519345238095237
18335,2.418059068614564,0,0.008519345238095237
18336,2.4483764433548374,0,0.008519345238095237
18337,2.4787204259006326,0,0.008519345238095237
18338,2.4078682633102653,1,0.00855654761904762
18339,2.437774034886272,0,0.00855654761904762
18340,2.3698468885058137,1,0.008537946428571428
18341,2.399471540107191,0,0.008537946428571428
18342,2.4291657122238313,0,0.008537946428571428
18343,2.459001335924938,0,0.008537946428571428
18344,2.391479686429182,1,0.00859375
18345,2.4211121815079064,0,0.00859375
18346,2.450807967431022,0,0.00859375
18347,2.4805430027413946,0,0.00859375
18348,2.5103012918248,0,0.00859375
18349,2.44173822325064,1,0.008612351190476191
18350,2.3732103684278476,1,0.00855654761904762
18351,2.403331016177327,0,0.00855654761904762
18352,2.3369882025884237,1,0.00855654761904762
18353,2.2701960666607546,1,0.008500744047619047
18354,2.300279262615978,0,0.008500744047619047
18355,2.3304422671673266,0,0.008500744047619047
18356,2.3606676948347545,0,0.008500744047619047
18357,2.3890755092911022,0,0.008500744047619047
18358,2.4189864525782454,0,0.008500744047619047
18359,2.3515932730578175,1,0.008500744047619047
18360,2.381559511204334,0,0.008500744047619047
18361,2.312325263613397,1,0.008463541666666666
18362,2.3420428812576004,0,0.008463541666666666
18363,2.273404430746038,1,0.008444940476190476
18364,2.3039975417841494,0,0.008444940476190476
18365,2.3347485100819254,0,0.008444940476190476
18366,2.3656061813347242,0,0.008444940476190476
18367,2.3965388996788484,0,0.008444940476190476
18368,2.427525744496221,0,0.008444940476190476
18369,2.4585521660105845,0,0.008444940476190476
18370,2.4866426220807223,0,0.008444940476190476
18371,2.5007953570009938,0,0.008444940476190476
18372,2.53084150829198,0,0.008444940476190476
18373,2.5608870449645615,0,0.008444940476190476
18374,2.492514753730891,1,0.008444940476190476
18375,2.5219871185275986,0,0.008444940476190476
18376,2.5514531666953473,0,0.008444940476190476
18377,2.581062346360594,0,0.008444940476190476
18378,2.6107744455378166,0,0.008444940476190476
18379,2.542235816709371,1,0.008444940476190476
18380,2.571844269261946,0,0.008444940476190476
18381,2.601645083694005,0,0.008444940476190476
18382,2.6315793491609463,0,0.008444940476190476
18383,2.661608593550054,0,0.008444940476190476
18384,2.4959619406988907,2,0.008426339285714285
18385,2.422445344914992,1,0.008444940476190476
18386,2.4518926388276028,0,0.008444940476190476
18387,2.4813467581567106,0,0.008444940476190476
18388,2.4123793962393747,1,0.008444940476190476
18389,2.4414176269849146,0,0.008444940476190476
18390,2.373223456546414,1,0.008426339285714285
18391,2.4026269214134337,0,0.008426339285714285
18392,2.432220851269956,0,0.008426339285714285
18393,2.461935041100155,0,0.008426339285714285
18394,2.396561777185302,1,0.008426339285714285
18395,2.426441040790564,0,0.008426339285714285
18396,2.357943572266738,1,0.008426339285714285
18397,2.387922534992176,0,0.008426339285714285
18398,2.417920434735244,0,0.008426339285714285
18399,2.447931119939275,0,0.008426339285714285
18400,2.478008256552314,0,0.008426339285714285
18401,2.508183969227078,0,0.008426339285714285
18402,2.5384313939533536,0,0.008426339285714285
18403,2.5687316842034225,0,0.008426339285714285
18404,2.5980560114907996,0,0.008426339285714285
18405,2.5304210086656607,1,0.008463541666666666
18406,2.5606067454194856,0,0.008463541666666666
18407,2.5908486329532137,0,0.008463541666666666
18408,2.6211331451096807,0,0.008463541666666666
18409,2.651449871173382,0,0.008463541666666666
18410,2.5839556249329085,1,0.008426339285714285
18411,2.516000887367024,1,0.008426339285714285
18412,2.546641966428825,0,0.008426339285714285
18413,2.577382422672884,0,0.008426339285714285
18414,2.5098777279050406,1,0.008426339285714285
18415,2.5407695841215188,0,0.008426339285714285
18416,2.4738738797739743,1,0.008370535714285714
18417,2.5048574878623273,0,0.008370535714285714
18418,2.43743357501206,1,0.008333333333333333
18419,2.371508827713908,1,0.008351934523809524
18420,2.402604134251633,0,0.008351934523809524
18421,2.4337039962397884,0,0.008351934523809524
18422,2.4648053097857217,0,0.008351934523809524
18423,2.495905346826195,0,0.008351934523809524
18424,2.42857755419822,1,0.008370535714285714
18425,2.4597442009211736,0,0.008370535714285714
18426,2.4909063874870885,0,0.008370535714285714
18427,2.5220625238980374,0,0.008370535714285714
18428,2.5532111396956516,0,0.008370535714285714
18429,2.486530346252966,1,0.008370535714285714
18430,2.5177091412891572,0,0.008370535714285714
18431,2.5488780398211146,0,0.008370535714285714
18432,2.5800358557966088,0,0.008370535714285714
18433,2.611181421242461,0,0.008370535714285714
18434,2.642313575959639,0,0.008370535714285714
18435,2.4765827819168265,2,0.008296130952380952
18436,2.5077552178991804,0,0.008296130952380952
18437,2.5389122383394622,0,0.008296130952380952
18438,2.471637001394475,1,0.008296130952380952
18439,2.5028698444697337,0,0.008296130952380952
18440,2.5340892303198657,0,0.008296130952380952
18441,2.565294165141968,0,0.008296130952380952
18442,2.5964836226118617,0,0.008296130952380952
18443,2.431546658862705,2,0.008258928571428572
18444,2.36454467649543,1,0.008296130952380952
18445,2.3953599527812854,0,0.008296130952380952
18446,2.4261653721269107,0,0.008296130952380952
18447,2.456960550287797,0,0.008296130952380952
18448,2.3893333774267647,1,0.008296130952380952
18449,2.420142328084414,0,0.008296130952380952
18450,2.3525164582390348,1,0.008240327380952381
18451,2.3833390508423546,0,0.008240327380952381
18452,2.3161158180537824,1,0.00818452380952381
18453,2.3469515774104677,0,0.00818452380952381
18454,2.3777767905926153,0,0.00818452380952381
18455,2.4085910855129002,0,0.00818452380952381
18456,2.4393940589166174,0,0.00818452380952381
18457,2.470185327462933,0,0.00818452380952381
18458,2.500964434878375,0,0.00818452380952381
18459,2.5317309414628544,0,0.00818452380952381
18460,2.5624851821636,0,0.00818452380952381
18461,2.577626138545205,0,0.00818452380952381
18462,2.6077529611092496,0,0.00818452380952381
18463,2.6378653247551345,0,0.00818452380952381
18464,2.5695384630041587,1,0.00816592261904762
18465,2.59965552061313,0,0.00816592261904762
18466,2.6297572852892297,0,0.00816592261904762
18467,2.659875830143493,0,0.00816592261904762
18468,2.69013529048456,0,0.00816592261904762
18469,2.720476385345852,0,0.00816592261904762
18470,2.6533556582939326,1,0.008128720238095239
18471,2.6838418315622103,0,0.008128720238095239
18472,2.7143454994868965,0,0.008128720238095239
18473,2.744857678600631,0,0.008128720238095239
18474,2.674449020190409,1,0.008147321428571429
18475,2.4136397667211034,3,0.00816592261904762
18476,2.4438644761771617,0,0.00816592261904762
18477,2.474078117803879,0,0.00816592261904762
18478,2.50432781445598,0,0.00816592261904762
18479,2.534757696690902,0,0.00816592261904762
18480,2.565282364283564,0,0.00816592261904762
18481,2.5958602008377123,0,0.00816592261904762
18482,2.5280441146604957,1,0.00818452380952381
18483,2.4602804694235934,1,0.00816592261904762
18484,2.490987531029211,0,0.00816592261904762
18485,2.521699394268531,0,0.00816592261904762
18486,2.5524118911876226,0,0.00816592261904762
18487,2.4853908215451743,1,0.00816592261904762
18488,2.51611669454078,0,0.00816592261904762
18489,2.546838058639157,0,0.00816592261904762
18490,2.577553232290777,0,0.00816592261904762
18491,2.608260805758306,0,0.00816592261904762
18492,2.638364032861568,0,0.00816592261904762
18493,2.6685315382516457,0,0.00816592261904762
18494,2.600089635678304,1,0.00816592261904762
18495,2.5319583084199015,1,0.008147321428571429
18496,2.4640556101241105,1,0.008147321428571429
18497,2.4944658816881544,0,0.008147321428571429
18498,2.426492247352533,1,0.00816592261904762
18499,2.456374022580076,0,0.00816592261904762
18500,2.3878879181026935,1,0.00816592261904762
18501,2.417825063512171,0,0.00816592261904762
18502,2.4397182995662403,0,0.00816592261904762
18503,2.4692571536622525,0,0.00816592261904762
18504,2.400361432778351,1,0.008128720238095239
18505,2.42991096060995,0,0.008128720238095239
18506,2.4594469843808655,0,0.008128720238095239
18507,2.4890427679140994,0,0.008128720238095239
18508,2.518789094749051,0,0.008128720238095239
18509,2.5486181551794993,0,0.008128720238095239
18510,2.578493032274842,0,0.008128720238095239
18511,2.608392770981689,0,0.008128720238095239
18512,2.638304195295185,0,0.008128720238095239
18513,2.571017225686865,1,0.008128720238095239
18514,2.601011580404666,0,0.008128720238095239
18515,2.53259398206246,1,0.008128720238095239
18516,2.4641866439745432,1,0.008128720238095239
18517,2.4943122518289855,0,0.008128720238095239
18518,2.5244317171784614,0,0.008128720238095239
18519,2.456450430707788,1,0.008110119047619048
18520,2.486587644140157,0,0.008110119047619048
18521,2.516715120127813,0,0.008110119047619048
18522,2.5467008999430103,0,0.008110119047619048
18523,2.5766854249372773,0,0.008110119047619048
18524,2.6066663152642944,0,0.008110119047619048
18525,2.5382172655655397,1,0.008110119047619048
18526,2.56798054908292,0,0.008110119047619048
18527,2.4994193067120345,1,0.008110119047619048
18528,2.529335675810917,0,0.008110119047619048
18529,2.3625689729096906,2,0.008128720238095239
18530,2.390526063862667,0,0.008128720238095239
18531,2.4200799146337415,0,0.008128720238095239
18532,2.4496270874767547,0,0.008128720238095239
18533,2.4791667848120325,0,0.008128720238095239
18534,2.4107599548721548,1,0.008147321428571429
18535,2.440264066107848,0,0.008147321428571429
18536,2.4699393922167006,0,0.008147321428571429
18537,2.4997171181164077,0,0.008147321428571429
18538,2.5295593504865908,0,0.008147321428571429
18539,2.559443312742446,0,0.008147321428571429
18540,2.589354318134404,0,0.008147321428571429
18541,2.619282348569739,0,0.008147321428571429
18542,2.6492202284834114,0,0.008147321428571429
18543,2.679162634549943,0,0.008147321428571429
18544,2.709105440626587,0,0.008147321428571429
18545,2.7390453447281566,0,0.008147321428571429
18546,2.7689796179420023,0,0.008147321428571429
18547,2.7989059351293584,0,0.008147321428571429
18548,2.828822256924253,0,0.008147321428571429
18549,2.7608904297869743,1,0.008147321428571429
18550,2.6923914940048674,1,0.00816592261904762
18551,2.623920684205452,1,0.008147321428571429
18552,2.5557721809485354,1,0.00818452380952381
18553,2.5853903081989675,0,0.00818452380952381
18554,2.6150817433082416,0,0.00818452380952381
18555,2.644825455635152,0,0.00818452380952381
18556,2.4796645529548322,2,0.00816592261904762
18557,2.5095411417874076,0,0.00816592261904762
18558,2.5394381359086267,0,0.00816592261904762
18559,2.5693494681204068,0,0.00816592261904762
18560,2.50084908401186,1,0.008128720238095239
18561,2.530814322335171,0,0.008128720238095239
18562,2.462516825201621,1,0.00816592261904762
18563,2.3948714149830916,1,0.00818452380952381
18564,2.42004844855712,0,0.00818452380952381
18565,2.4489925940309583,0,0.00818452380952381
18566,2.477928256757256,0,0.00818452380952381
18567,2.506854750740409,0,0.00818452380952381
18568,2.5358569965131705,0,0.00818452380952381
18569,2.5649403305257055,0,0.00818452380952381
18570,2.5942542968910502,0,0.00818452380952381
18571,2.52530282448808,1,0.00818452380952381
18572,2.554900075423759,0,0.00818452380952381
18573,2.58456922704981,0,0.00818452380952381
18574,2.6142886223789934,0,0.00818452380952381
18575,2.644043464460164,0,0.00818452380952381
18576,2.575398991590083,1,0.008240327380952381
18577,2.506806829292907,1,0.008258928571428572
18578,2.536685683862135,0,0.008258928571428572
18579,2.566572549431604,0,0.008258928571428572
18580,2.3950694414866502,2,0.008258928571428572
18581,2.4239398207247635,0,0.008258928571428572
18582,2.3543809159646942,1,0.008258928571428572
18583,2.3832707933739563,0,0.008258928571428572
18584,2.216577911159243,2,0.008277529761904762
18585,2.146616653693986,1,0.008258928571428572
18586,2.1752432245210453,0,0.008258928571428572
18587,2.2039462271976897,0,0.008258928571428572
18588,2.2326964517166554,0,0.008258928571428572
18589,2.261476210455352,0,0.008258928571428572
18590,2.1919496266901306,1,0.008258928571428572
18591,2.22098707369306,0,0.008258928571428572
18592,2.2501024180730718,0,0.008258928571428572
18593,2.2792747144100463,0,0.008258928571428572
18594,2.3084889333601426,0,0.008258928571428572
18595,2.239311869054435,1,0.008203125
18596,2.268614407806523,0,0.008203125
18597,2.297933474825817,0,0.008203125
18598,2.3272638407910304,0,0.008203125
18599,2.3566875440876913,0,0.008203125
18600,2.382602387096812,0,0.008203125
18601,2.313363757544884,1,0.008258928571428572
18602,2.341983358350902,0,0.008258928571428572
18603,2.368168256060029,0,0.008258928571428572
18604,2.296681351349572,1,0.008296130952380952
18605,2.3241008637765233,0,0.008296130952380952
18606,2.351995025909297,0,0.008296130952380952
18607,2.3802080981496854,0,0.008296130952380952
18608,2.4086467891513177,0,0.008296130952380952
18609,2.236775999745497,2,0.008314732142857143
18610,2.2651255643549284,0,0.008314732142857143
18611,2.2935631454850354,0,0.008314732142857143
18612,2.3220684467272013,0,0.008314732142857143
18613,2.3506262450142374,0,0.008314732142857143
18614,2.2808596273868336,1,0.008314732142857143
18615,2.3097455357460266,0,0.008314732142857143
18616,2.2403919707270172,1,0.008370535714285714
18617,2.269574796344131,0,0.008370535714285714
18618,2.2003875177227825,1,0.008407738095238095
18619,2.229694269019933,0,0.008407738095238095
18620,2.245559099756797,0,0.008407738095238095
18621,2.274475821535977,0,0.008407738095238095
18622,2.303395970718196,0,0.008407738095238095
18623,2.3323162253252847,0,0.008407738095238095
18624,2.3615022726484742,0,0.008407738095238095
18625,2.3909738418406317,0,0.008407738095238095
18626,2.4205800019920956,0,0.008407738095238095
18627,2.4502730042033187,0,0.008407738095238095
18628,2.480024861333251,0,0.008407738095238095
18629,2.5098172241715715,0,0.008407738095238095
18630,2.4412271804570413,1,0.008444940476190476
18631,2.4708634825743307,0,0.008444940476190476
18632,2.5005426466096137,0,0.008444940476190476
18633,2.5302531830096173,0,0.008444940476190476
18634,2.5564734851880884,0,0.008444940476190476
18635,2.5857625012310956,0,0.008444940476190476
18636,2.516804521292585,1,0.008463541666666666
18637,2.5461248929247517,0,0.008463541666666666
18638,2.5719530346849293,0,0.008463541666666666
18639,2.6007620773432105,0,0.008463541666666666
18640,2.4339623434370674,2,0.008407738095238095
18641,2.2657092421828215,2,0.008444940476190476
18642,2.2938530601398397,0,0.008444940476190476
18643,2.3220930296440776,0,0.008444940476190476
18644,2.3505342513910494,0,0.008444940476190476
18645,2.2831523127735496,1,0.008426339285714285
18646,2.3121591853180705,0,0.008426339285714285
18647,2.341303418133322,0,0.008426339285714285
18648,2.370532349843299,0,0.008426339285714285
18649,2.301716356240842,1,0.008463541666666666
18650,2.330470588381737,0,0.008463541666666666
18651,2.3592482619977972,0,0.008463541666666666
18652,2.388040570140762,0,0.008463541666666666
18653,2.3190969343466286,1,0.008407738095238095
18654,2.347335063838136,0,0.008407738095238095
18655,2.3756601329867464,0,0.008407738095238095
18656,2.4040741018726126,0,0.008407738095238095
18657,2.4325508941896974,0,0.008407738095238095
18658,2.4610738104122456,0,0.008407738095238095
18659,2.48962820963044,0,0.008407738095238095
18660,2.419780984194611,1,0.008407738095238095
18661,2.3500946718264037,1,0.008407738095238095
18662,2.378924191091325,0,0.008407738095238095
18663,2.3094944747745685,1,0.008426339285714285
18664,2.3385040481017128,0,0.008426339285714285
18665,2.367561404932132,0,0.008426339285714285
18666,2.3966548691398284,0,0.008426339285714285
18667,2.4211904590260827,0,0.008426339285714285
18668,2.4499849593407115,0,0.008426339285714285
18669,2.4788586346603037,0,0.008426339285714285
18670,2.4094771912587323,1,0.008407738095238095
18671,2.342079136027768,1,0.008444940476190476
18672,2.3674760777562893,0,0.008444940476190476
18673,2.396441375895657,0,0.008444940476190476
18674,2.3284735528510976,1,0.008389136904761904
18675,2.357197809447141,0,0.008389136904761904
18676,2.3860772364966376,0,0.008389136904761904
18677,2.4151114832204423,0,0.008389136904761904
18678,2.4443780786334597,0,0.008389136904761904
18679,2.375368503131115,1,0.008389136904761904
18680,2.404917099010929,0,0.008389136904761904
18681,2.3361204038817545,1,0.008389136904761904
18682,2.267417868528789,1,0.008444940476190476
18683,2.29089088385522,0,0.008444940476190476
18684,2.319752560426936,0,0.008444940476190476
18685,2.2502678082584966,1,0.008444940476190476
18686,2.2792797120689245,0,0.008444940476190476
18687,2.3083333304940483,0,0.008444940476190476
18688,2.3376137517376447,0,0.008444940476190476
18689,2.367060393878092,0,0.008444940476190476
18690,2.3966108692325903,0,0.008444940476190476
18691,2.426230739907502,0,0.008444940476190476
18692,2.446442356399274,0,0.008444940476190476
18693,2.377352389276753,1,0.008426339285714285
18694,2.40613165669209,0,0.008426339285714285
18695,2.2380673189214204,2,0.008351934523809524
18696,2.266907820208688,0,0.008351934523809524
18697,2.295800819338611,0,0.008351934523809524
18698,2.3248660805742363,0,0.008351934523809524
18699,2.3540282232540313,0,0.008351934523809524
18700,2.3832477876407268,0,0.008351934523809524
18701,2.412587271183687,0,0.008351934523809524
18702,2.344440615715769,1,0.008351934523809524
18703,2.374074334995401,0,0.008351934523809524
18704,2.403768311716272,0,0.008351934523809524
18705,2.433506330074673,0,0.008351934523809524
18706,2.36614552850168,1,0.008389136904761904
18707,2.395968816832399,0,0.008389136904761904
18708,2.4258172004598233,0,0.008389136904761904
18709,2.455677452050271,0,0.008389136904761904
18710,2.485551857679164,0,0.008389136904761904
18711,2.5117616654402757,0,0.008389136904761904
18712,2.541176457443308,0,0.008389136904761904
18713,2.570584124399777,0,0.008389136904761904
18714,2.599983219353008,0,0.008389136904761904
18715,2.53094822712914,1,0.008370535714285714
18716,2.4620570330940392,1,0.008407738095238095
18717,2.4917812482964594,0,0.008407738095238095
18718,2.4231715032035512,1,0.008407738095238095
18719,2.4530766704912903,0,0.008407738095238095
18720,2.4830175369723566,0,0.008407738095238095
18721,2.5129811022851083,0,0.008407738095238095
18722,2.346134501932157,2,0.008482142857142856
18723,2.376149438670602,0,0.008482142857142856
18724,2.406174085116101,0,0.008482142857142856
18725,2.436204286594159,0,0.008482142857142856
18726,2.367814076273,1,0.008500744047619047
18727,2.3977783668182346,0,0.008500744047619047
18728,2.427764229264245,0,0.008500744047619047
18729,2.3598688849586127,1,0.008463541666666666
18730,2.389909610342363,0,0.008463541666666666
18731,2.4199540090530154,0,0.008463541666666666
18732,2.449998777944943,0,0.008463541666666666
18733,2.48010269004762,0,0.008463541666666666
18734,2.5102019276544763,0,0.008463541666666666
18735,2.5402892077911803,0,0.008463541666666666
18736,2.472702272690218,1,0.008407738095238095
18737,2.5028076574402003,0,0.008407738095238095
18738,2.5328997933781876,0,0.008407738095238095
18739,2.5629582970881666,0,0.008407738095238095
18740,2.495575653780483,1,0.008389136904761904
18741,2.4278414609607406,1,0.008333333333333333
18742,2.4579642508469064,0,0.008333333333333333
18743,2.4880766926199622,0,0.008333333333333333
18744,2.5181769668549396,0,0.008333333333333333
18745,2.4504315488878388,1,0.008277529761904762
18746,2.4805423206264527,0,0.008277529761904762
18747,2.5106414958759213,0,0.008277529761904762
18748,2.4423032864162213,1,0.008314732142857143
18749,2.4724108268127107,0,0.008314732142857143
18750,2.502504907263587,0,0.008314732142857143
18751,2.3365208330688008,2,0.008351934523809524
18752,2.3660556467807607,0,0.008351934523809524
18753,2.395561816377162,0,0.008351934523809524
18754,2.4250544816436364,0,0.008351934523809524
18755,2.3570256435235732,1,0.008351934523809524
18756,2.288289849996347,1,0.008351934523809524
18757,2.317207555104748,0,0.008351934523809524
18758,2.3461106721417813,0,0.008351934523809524
18759,2.374998465274709,0,0.008351934523809524
18760,2.4038701931365183,0,0.008351934523809524
18761,2.3343103057166443,1,0.008351934523809524
18762,2.3633338228429746,0,0.008351934523809524
18763,2.3924643767744764,0,0.008351934523809524
18764,2.4216547877650076,0,0.008351934523809524
18765,2.450878228685025,0,0.008351934523809524
18766,2.480118126456393,0,0.008351934523809524
18767,2.509363403668905,0,0.008351934523809524
18768,2.538714827606766,0,0.008351934523809524
18769,2.4702254507958843,1,0.008333333333333333
18770,2.499582507516676,0,0.008333333333333333
18771,2.5289147524360134,0,0.008333333333333333
18772,2.5582219661085017,0,0.008333333333333333
18773,2.587501419909058,0,0.008333333333333333
18774,2.518389644058629,1,0.008370535714285714
18775,2.3510696534846955,2,0.008407738095238095
18776,2.3806248785463855,0,0.008407738095238095
18777,2.410165316439581,0,0.008407738095238095
18778,2.4396903709158684,0,0.008407738095238095
18779,2.469199387698276,0,0.008407738095238095
18780,2.4003553594751246,1,0.008444940476190476
18781,2.332107514672029,1,0.008407738095238095
18782,2.361717209735921,0,0.008407738095238095
18783,2.1948836537855096,2,0.008389136904761904
18784,2.2243370233642783,0,0.008389136904761904
18785,2.2529824524505377,0,0.008389136904761904
18786,2.282014552709916,0,0.008389136904761904
18787,2.3110345939765002,0,0.008389136904761904
18788,2.244466554282428,1,0.008389136904761904
18789,2.2734923506989917,0,0.008389136904761904
18790,2.302505388091801,0,0.008389136904761904
18791,2.3316302431436067,0,0.008389136904761904
18792,2.3608649367685053,0,0.008389136904761904
18793,2.3901653346209897,0,0.008389136904761904
18794,2.419505680289355,0,0.008389136904761904
18795,2.44886978999672,0,0.008389136904761904
18796,2.478246868307903,0,0.008389136904761904
18797,2.507629336013458,0,0.008389136904761904
18798,2.537011622756338,0,0.008389136904761904
18799,2.566389456780359,0,0.008389136904761904
18800,2.5957594288347168,0,0.008389136904761904
18801,2.6251187131768052,0,0.008389136904761904
18802,2.5560406628569696,1,0.008389136904761904
18803,2.5854692702352837,0,0.008389136904761904
18804,2.6148853853940466,0,0.008389136904761904
18805,2.644287514644174,0,0.008389136904761904
18806,2.67367427495196,0,0.008389136904761904
18807,2.604620009777874,1,0.008370535714285714
18808,2.537077465368923,1,0.008407738095238095
18809,2.566527244938138,0,0.008407738095238095
18810,2.402435025921905,2,0.008314732142857143
18811,2.333483040894642,1,0.008333333333333333
18812,2.362998369787892,0,0.008333333333333333
18813,2.3925178916487213,0,0.008333333333333333
18814,2.4220382582955655,0,0.008333333333333333
18815,2.4515568389849913,0,0.008333333333333333
18816,2.3841380011386444,1,0.008333333333333333
18817,2.4136817513175175,0,0.008333333333333333
18818,2.44321930098202,0,0.008333333333333333
18819,2.4727493631694797,0,0.008333333333333333
18820,2.5022708136025877,0,0.008333333333333333
18821,2.53178263037068,0,0.008333333333333333
18822,2.561283871335558,0,0.008333333333333333
18823,2.5907736250298665,0,0.008333333333333333
18824,2.6202510796381735,0,0.008333333333333333
18825,2.649715417966218,0,0.008333333333333333
18826,2.580757698983797,1,0.008370535714285714
18827,2.512282236191346,1,0.008351934523809524
18828,2.541180364478943,0,0.008351934523809524
18829,2.471717462984636,1,0.008333333333333333
18830,2.5006689636328567,0,0.008333333333333333
18831,2.5296083105168763,0,0.008333333333333333
18832,2.558535015905507,0,0.008333333333333333
18833,2.5874485157068103,0,0.008333333333333333
18834,2.6164334198318615,0,0.008333333333333333
18835,2.6454955276064065,0,0.008333333333333333
18836,2.576195254631149,1,0.008333333333333333
18837,2.60538187518935,0,0.008333333333333333
18838,2.6345936539838624,0,0.008333333333333333
18839,2.6638217252707728,0,0.008333333333333333
18840,2.6930606736939184,0,0.008333333333333333
18841,2.6253855748626065,1,0.008296130952380952
18842,2.654661735265795,0,0.008296130952380952
18843,2.683934977984785,0,0.008296130952380952
18844,2.7132022969257936,0,0.008296130952380952
18845,2.64409748573963,1,0.008296130952380952
18846,2.472905823664515,2,0.008333333333333333
18847,2.30554605893555,2,0.008258928571428572
18848,2.3345627189798233,0,0.008258928571428572
18849,2.363567866779127,0,0.008258928571428572
18850,2.3925610364002794,0,0.008258928571428572
18851,2.4216796170805504,0,0.008258928571428572
18852,2.353007248933425,1,0.008240327380952381
18853,2.382346311007881,0,0.008240327380952381
18854,2.4117271067495425,0,0.008240327380952381
18855,2.343967788925127,1,0.008240327380952381
18856,2.373485681746729,0,0.008240327380952381
18857,2.4030143731416915,0,0.008240327380952381
18858,2.432548777217448,0,0.008240327380952381
18859,2.4620851929112755,0,0.008240327380952381
18860,2.4916222369983334,0,0.008240327380952381
18861,2.422747008372623,1,0.00822172619047619
18862,2.353488198452357,1,0.008203125
18863,2.382486562491024,0,0.008203125
18864,2.4114795659793615,0,0.008203125
18865,2.34288018800205,1,0.00816592261904762
18866,2.371895520421992,0,0.00816592261904762
18867,2.400059124838338,0,0.00816592261904762
18868,2.3299169589213546,1,0.00818452380952381
18869,2.358326504569655,0,0.00818452380952381
18870,2.386809228749258,0,0.00818452380952381
18871,2.4154304831397777,0,0.00818452380952381
18872,2.4430745420749718,0,0.00818452380952381
18873,2.373480173179461,1,0.00818452380952381
18874,2.4009369366218993,0,0.00818452380952381
18875,2.427587102101746,0,0.00818452380952381
18876,2.4552419326012367,0,0.00818452380952381
18877,2.4830639532799337,0,0.00818452380952381
18878,2.5110183560857013,0,0.00818452380952381
18879,2.523673674176927,0,0.00818452380952381
18880,2.551185414259488,0,0.00818452380952381
18881,2.480290105396609,1,0.008203125
18882,2.4096008008006753,1,0.00818452380952381
18883,2.4371169563054313,0,0.00818452380952381
18884,2.366705232746481,1,0.008203125
18885,2.395027144076119,0,0.008203125
18886,2.3260725479917257,1,0.008240327380952381
18887,2.2568865488791814,1,0.00822172619047619
18888,2.285653693870656,0,0.00822172619047619
18889,2.216978762229687,1,0.00822172619047619
18890,2.245875693705967,0,0.00822172619047619
18891,2.274804913568007,0,0.00822172619047619
18892,2.3037610205982606,0,0.00822172619047619
18893,2.332739202069959,0,0.00822172619047619
18894,2.264386928767858,1,0.008240327380952381
18895,2.1950122723032264,1,0.008240327380952381
18896,2.2241128936955015,0,0.008240327380952381
18897,2.2532288372721547,0,0.008240327380952381
18898,2.2823586295744107,0,0.008240327380952381
18899,2.311500926190389,0,0.008240327380952381
18900,2.3406544306875,0,0.008240327380952381
18901,2.369817813425432,0,0.008240327380952381
18902,2.3005655868824477,1,0.008240327380952381
18903,2.329779728492483,0,0.008240327380952381
18904,2.359000755312558,0,0.008240327380952381
18905,2.3882273950513597,0,0.008240327380952381
18906,2.3190341177163405,1,0.008277529761904762
18907,2.2498894341790425,1,0.008277529761904762
18908,2.2791974346635806,0,0.008277529761904762
18909,2.3085078034453024,0,0.008277529761904762
18910,2.33781942521465,0,0.008277529761904762
18911,2.367131190508851,0,0.008277529761904762
18912,2.297576792747664,1,0.008277529761904762
18913,2.3269212458617283,0,0.008277529761904762
18914,2.2578393177862095,1,0.008240327380952381
18915,2.287110995800454,0,0.008240327380952381
18916,2.316389807794598,0,0.008240327380952381
18917,2.2376533161448213,1,0.008203125
18918,2.2665445540796423,0,0.008203125
18919,2.2954308740841207,0,0.008203125
18920,2.324310825988029,0,0.008203125
18921,2.2547588077180656,1,0.008203125
18922,2.283657304760996,0,0.008203125
18923,2.31273849759744,0,0.008203125
18924,2.341923696053485,0,0.008203125
18925,2.3711687606153315,0,0.008203125
18926,2.400629786035338,0,0.008203125
18927,2.331732078026728,1,0.008240327380952381
18928,2.361284470147385,0,0.008240327380952381
18929,2.2927118817683922,1,0.008258928571428572
18930,2.322280714158573,0,0.008258928571428572
18931,2.3518401002533373,0,0.008258928571428572
18932,2.3813895308824926,0,0.008258928571428572
18933,2.410928423752686,0,0.008258928571428572
18934,2.440456220812576,0,0.008258928571428572
18935,2.3715480670490967,1,0.00822172619047619
18936,2.4010871451723665,0,0.00822172619047619
18937,2.43061548835172,0,0.00822172619047619
18938,2.4601313144401744,0,0.00822172619047619
18939,2.489634058337837,0,0.00822172619047619
18940,2.3228625552771986,2,0.008203125
18941,2.2534542710598644,1,0.00818452380952381
18942,2.282488980587482,0,0.00818452380952381
18943,2.311514782072416,0,0.00818452380952381
18944,2.340531374242351,0,0.00818452380952381
18945,2.369538467572445,0,0.00818452380952381
18946,2.30011145700089,1,0.00818452380952381
18947,2.2307237861571996,1,0.00822172619047619
18948,2.259772103021059,0,0.00822172619047619
18949,2.190388579666771,1,0.00822172619047619
18950,2.219455096636279,0,0.00822172619047619
18951,2.2485127130597604,0,0.00822172619047619
18952,2.2775611837675216,0,0.00822172619047619
18953,2.2087651781104327,1,0.008240327380952381
18954,2.2378327547433274,0,0.008240327380952381
18955,2.2668911307099897,0,0.008240327380952381
18956,2.2959400117039492,0,0.008240327380952381
18957,2.3249790754460915,0,0.008240327380952381
18958,2.354007992421506,0,0.008240327380952381
18959,2.3830264253366833,0,0.008240327380952381
18960,2.41203408056801,0,0.008240327380952381
18961,2.4410305502431977,0,0.008240327380952381
18962,2.3728764032811642,1,0.008258928571428572
18963,2.401883790431525,0,0.008258928571428572
18964,2.430879691081275,0,0.008258928571428572
18965,2.459863774213714,0,0.008258928571428572
18966,2.48883562051762,0,0.008258928571428572
18967,2.517794822627826,0,0.008258928571428572
18968,2.4483167400152337,1,0.008277529761904762
18969,2.4772845647548385,0,0.008277529761904762
18970,2.5062392220704983,0,0.008277529761904762
18971,2.535180231221351,0,0.008277529761904762
18972,2.4662695859304815,1,0.008296130952380952
18973,2.4946163026307393,0,0.008296130952380952
18974,2.4245244594691377,1,0.008296130952380952
18975,2.4528777198802345,0,0.008296130952380952
18976,2.284992300842797,2,0.008314732142857143
18977,2.3133891976075063,0,0.008314732142857143
18978,2.3417720798892914,0,0.008314732142857143
18979,2.2727365712032186,1,0.008333333333333333
18980,2.3012090324138144,0,0.008333333333333333
18981,2.329757830411719,0,0.008333333333333333
18982,2.260019526491982,1,0.008296130952380952
18983,2.288755452239881,0,0.008296130952380952
18984,2.317519403890182,0,0.008296130952380952
18985,2.3463025838989906,0,0.008296130952380952
18986,2.375098283936571,0,0.008296130952380952
18987,2.4039012329020952,0,0.008296130952380952
18988,2.432707170701216,0,0.008296130952380952
18989,2.4615125532560835,0,0.008296130952380952
18990,2.4903143809816912,0,0.008296130952380952
18991,2.5191100150667842,0,0.008296130952380952
18992,2.449474191577865,1,0.008240327380952381
18993,2.47316109598101,0,0.008240327380952381
18994,2.5014627509137193,0,0.008240327380952381
18995,2.4314487407886776,1,0.008240327380952381
18996,2.4598824294428856,0,0.008240327380952381
18997,2.4883048554556293,0,0.008240327380952381
18998,2.5167827397962603,0,0.008240327380952381
18999,2.545417486189065,0,0.008240327380952381
19000,2.5741390467143135,0,0.008240327380952381
19001,2.6029111603225488,0,0.008240327380952381
19002,2.533288795634846,1,0.008296130952380952
19003,2.5621412228597493,0,0.008296130952380952
19004,2.5910030579081273,0,0.008296130952380952
19005,2.619868462964074,0,0.008296130952380952
19006,2.6487332263256946,0,0.008296130952380952
19007,2.5791699668048613,1,0.008314732142857143
19008,2.6080598515544238,0,0.008314732142857143
19009,2.636942277083847,0,0.008314732142857143
19010,2.6658156291232937,0,0.008314732142857143
19011,2.5962542727689475,1,0.008314732142857143
19012,2.5267583405383416,1,0.008370535714285714
19013,2.457249347304151,1,0.008407738095238095
19014,2.3872754061948545,1,0.008444940476190476
19015,2.4162386700540837,0,0.008444940476190476
19016,2.4451902090022894,0,0.008444940476190476
19017,2.4741291232525215,0,0.008444940476190476
19018,2.404683670210092,1,0.008500744047619047
19019,2.433703274872086,0,0.008500744047619047
19020,2.462713284253731,0,0.008500744047619047
19021,2.39421188913828,1,0.008500744047619047
19022,2.422636721845018,0,0.008500744047619047
19023,2.451179030279936,0,0.008500744047619047
19024,2.384660632389074,1,0.008519345238095237
19025,2.4134142664171727,0,0.008519345238095237
19026,2.4422119416497403,0,0.008519345238095237
19027,2.471037814138099,0,0.008519345238095237
19028,2.499881401455052,0,0.008519345238095237
19029,2.52873541365875,0,0.008519345238095237
19030,2.5575946128946634,0,0.008519345238095237
19031,2.4880413459517023,1,0.008519345238095237
19032,2.5163356494305575,0,0.008519345238095237
19033,2.446793282023325,1,0.008482142857142856
19034,2.4745135046357407,0,0.008482142857142856
19035,2.5022277322762347,0,0.008482142857142856
19036,2.529934598226896,0,0.008482142857142856
19037,2.557718470046514,0,0.008482142857142856
19038,2.585585053017434,0,0.008482142857142856
19039,2.5138134014494566,1,0.008444940476190476
19040,2.540732364155888,0,0.008444940476190476
19041,2.5678296525406883,0,0.008444940476190476
19042,2.5950653763845746,0,0.008444940476190476
19043,2.6224094765812027,0,0.008444940476190476
19044,2.649838810813125,0,0.008444940476190476
19045,2.677335240974086,0,0.008444940476190476
19046,2.70488433063594,0,0.008444940476190476
19047,2.6340502413307916,1,0.008426339285714285
19048,2.6617021673580394,0,0.008426339285714285
19049,2.5906282237851084,1,0.008426339285714285
19050,2.4231712557413787,2,0.008389136904761904
19051,2.45107580897791,0,0.008389136904761904
19052,2.3805724265739183,1,0.008351934523809524
19053,2.310116746052958,1,0.008389136904761904
19054,2.3381307724303673,0,0.008389136904761904
19055,2.164026925786492,2,0.008426339285714285
19056,2.177993270050587,0,0.008426339285714285
19057,2.2052385195586206,0,0.008426339285714285
19058,2.232474741000782,0,0.008426339285714285
19059,2.259701641923209,0,0.008426339285714285
19060,2.1886538528794865,1,0.008426339285714285
19061,2.117186170582712,1,0.008444940476190476
19062,2.14425454412634,0,0.008444940476190476
19063,2.1713778050123564,0,0.008444940476190476
19064,2.198527392986166,0,0.008444940476190476
19065,2.225690948745809,0,0.008444940476190476
19066,2.252861484935257,0,0.008444940476190476
19067,2.280035729289467,0,0.008444940476190476
19068,2.2088061115713775,1,0.008482142857142856
19069,2.2360112731260715,0,0.008482142857142856
19070,2.2632120436056407,0,0.008482142857142856
19071,2.2904069681549144,0,0.008482142857142856
19072,2.2191708026028136,1,0.008482142857142856
19073,2.1481156282755087,1,0.008537946428571428
19074,2.1755396744619757,0,0.008537946428571428
19075,2.203024509896706,0,0.008537946428571428
19076,2.2305533988096453,0,0.008537946428571428
19077,2.258114365100207,0,0.008537946428571428
19078,2.1873025505238237,1,0.008537946428571428
19079,2.2150504974142358,0,0.008537946428571428
19080,2.2428855366448173,0,0.008537946428571428
19081,2.2707867865514384,0,0.008537946428571428
19082,2.298738893680832,0,0.008537946428571428
19083,2.2283188028180643,1,0.008537946428571428
19084,2.159301999120468,1,0.00855654761904762
19085,2.1874175924143837,0,0.00855654761904762
19086,2.210438382397281,0,0.00855654761904762
19087,2.1396648536312735,1,0.00859375
19088,2.0699809367536806,1,0.00859375
19089,2.0977167015366693,0,0.00859375
19090,2.125454687029746,0,0.00859375
19091,2.15325529912388,0,0.00859375
19092,2.18122592038622,0,0.00859375
19093,2.1108702785579205,1,0.00857514880952381
19094,2.1384345585200775,0,0.00857514880952381
19095,2.0676141902642535,1,0.00855654761904762
19096,2.095280334630226,0,0.00855654761904762
19097,2.1229644662970917,0,0.00855654761904762
19098,2.1506603954714607,0,0.00855654761904762
19099,2.17836361762143,0,0.00855654761904762
19100,2.206070745004911,0,0.00855654761904762
19101,2.1353549737532753,1,0.00857514880952381
19102,2.1630977912715186,0,0.00857514880952381
19103,2.1908388263226652,0,0.00857514880952381
19104,2.2185766905185846,0,0.00857514880952381
19105,2.1485706855441604,1,0.00855654761904762
19106,2.176521940807723,0,0.00855654761904762
19107,2.1061118723266437,1,0.00859375
19108,2.13420723906008,0,0.00859375
19109,2.1623373185748287,0,0.00859375
19110,2.1904932038423413,0,0.00859375
19111,2.218668122214831,0,0.00859375
19112,2.1484326636208824,1,0.00855654761904762
19113,2.078246910575317,1,0.008519345238095237
19114,2.106520184666309,0,0.008519345238095237
19115,2.0363894628255452,1,0.008537946428571428
19116,2.0647061807720717,0,0.008537946428571428
19117,2.0883929630676117,0,0.008537946428571428
19118,2.1162194529437635,0,0.008537946428571428
19119,2.045613096435998,1,0.008500744047619047
19120,2.0732809926691913,0,0.008500744047619047
19121,2.1009454420638973,0,0.008500744047619047
19122,2.1287441115791386,0,0.008500744047619047
19123,2.147743172469666,0,0.008500744047619047
19124,2.175303106234881,0,0.008500744047619047
19125,2.2029065230566416,0,0.008500744047619047
19126,2.230536231876599,0,0.008500744047619047
19127,2.258181178518868,0,0.008500744047619047
19128,2.1874710308018535,1,0.008463541666666666
19129,2.215411155784511,0,0.008463541666666666
19130,2.2434638632670274,0,0.008463541666666666
19131,2.271392298264771,0,0.008463541666666666
19132,2.299386531816287,0,0.008463541666666666
19133,2.3274280172188524,0,0.008463541666666666
19134,2.257079707344504,1,0.008482142857142856
19135,2.2852159561571543,0,0.008482142857142856
19136,2.313371188765004,0,0.008482142857142856
19137,2.3415400639877255,0,0.008482142857142856
19138,2.369724974415282,0,0.008482142857142856
19139,2.397915649547695,0,0.008482142857142856
19140,2.327685064635129,1,0.008500744047619047
19141,2.3559143303494987,0,0.008500744047619047
19142,2.187312212056815,2,0.008482142857142856
19143,2.2156163188880456,0,0.008482142857142856
19144,2.2439182713505605,0,0.008482142857142856
19145,2.1737925107376714,1,0.008482142857142856
19146,2.202139559557334,0,0.008482142857142856
19147,2.2304858514399526,0,0.008482142857142856
19148,2.1604831840740766,1,0.008482142857142856
19149,2.188867086690667,0,0.008482142857142856
19150,2.217248196722466,0,0.008482142857142856
19151,2.2456256928876575,0,0.008482142857142856
19152,2.273998846249495,0,0.008482142857142856
19153,2.302366974090775,0,0.008482142857142856
19154,2.3307294329678148,0,0.008482142857142856
19155,2.359085598644069,0,0.008482142857142856
19156,2.3874348667740817,0,0.008482142857142856
19157,2.4157767100508214,0,0.008482142857142856
19158,2.444110587331118,0,0.008482142857142856
19159,2.3735663546637142,1,0.008500744047619047
19160,2.4019185603584856,0,0.008500744047619047
19161,2.3318507587663815,1,0.008519345238095237
19162,2.360221296999,0,0.008519345238095237
19163,2.3885830249832605,0,0.008519345238095237
19164,2.4169364761147616,0,0.008519345238095237
19165,2.4452802873421113,0,0.008519345238095237
19166,2.4736140058341447,0,0.008519345238095237
19167,2.4042340674038325,1,0.008482142857142856
19168,2.335094162913902,1,0.008482142857142856
19169,2.363463653244909,0,0.008482142857142856
19170,2.3918228171770726,0,0.008482142857142856
19171,2.420171209876444,0,0.008482142857142856
19172,2.448508379330659,0,0.008482142857142856
19173,2.378409646308087,1,0.008444940476190476
19174,2.4067659735236995,0,0.008444940476190476
19175,2.4351108183107417,0,0.008444940476190476
19176,2.3656061448981096,1,0.008407738095238095
19177,2.3939604705215745,0,0.008407738095238095
19178,2.3240911289856188,1,0.008351934523809524
19179,2.1562314773649014,2,0.008351934523809524
19180,2.184687102158342,0,0.008351934523809524
19181,2.2131367100209367,0,0.008351934523809524
19182,2.2415797689941734,0,0.008351934523809524
19183,2.2700156463495436,0,0.008351934523809524
19184,2.298443915310695,0,0.008351934523809524
19185,2.326864109581409,0,0.008351934523809524
19186,2.3552757807467213,0,0.008351934523809524
19187,2.3836784684142134,0,0.008351934523809524
19188,2.41207177386065,0,0.008351934523809524
19189,2.440456854139933,0,0.008351934523809524
19190,2.3704116561166817,1,0.008351934523809524
19191,2.3982112412800602,0,0.008351934523809524
19192,2.426086184512168,0,0.008351934523809524
19193,2.3563401979478535,1,0.008389136904761904
19194,2.3843876349170983,0,0.008389136904761904
19195,2.4124778824168787,0,0.008389136904761904
19196,2.4405978771368724,0,0.008389136904761904
19197,2.468739016256854,0,0.008389136904761904
19198,2.496894737990723,0,0.008389136904761904
19199,2.5250599795181015,0,0.008389136904761904
19200,2.5532307273411656,0,0.008389136904761904
19201,2.5814037321777357,0,0.008389136904761904
19202,2.605902599428374,0,0.008389136904761904
19203,2.6335982604749275,0,0.008389136904761904
19204,2.661279776242251,0,0.008389136904761904
19205,2.5911441708849208,1,0.008426339285714285
19206,2.6194418380997813,0,0.008426339285714285
19207,2.6477252112045107,0,0.008426339285714285
19208,2.675993864184295,0,0.008426339285714285
19209,2.704247277766246,0,0.008426339285714285
19210,2.7324849389554697,0,0.008426339285714285
19211,2.760706305356589,0,0.008426339285714285
19212,2.7889108258396296,0,0.008426339285714285
19213,2.719003087462463,1,0.008444940476190476
19214,2.747207909909097,0,0.008444940476190476
19215,2.5791475702448503,2,0.008500744047619047
19216,2.508975602079586,1,0.008482142857142856
19217,2.5372320940956516,0,0.008482142857142856
19218,2.467046932695857,1,0.008500744047619047
19219,2.3968788369083196,1,0.008444940476190476
19220,2.425152031960888,0,0.008444940476190476
19221,2.256724013012999,2,0.008407738095238095
19222,2.2850250772623557,0,0.008407738095238095
19223,2.313308218877791,0,0.008407738095238095
19224,2.341572360694044,0,0.008407738095238095
19225,2.273885125726312,1,0.008370535714285714
19226,2.302074938200148,0,0.008370535714285714
19227,2.2318497595903564,1,0.008370535714285714
19228,2.2600889739680614,0,0.008370535714285714
19229,2.2883305102056726,0,0.008370535714285714
19230,2.3165715526201542,0,0.008370535714285714
19231,2.344809740708973,0,0.008370535714285714
19232,2.369873106309796,0,0.008370535714285714
19233,2.3976013790198776,0,0.008370535714285714
19234,2.3268901909426276,1,0.008333333333333333
19235,2.3546250845878993,0,0.008333333333333333
19236,2.3823444239955744,0,0.008333333333333333
19237,2.410072801020383,0,0.008333333333333333
19238,2.339536753869435,1,0.008296130952380952
19239,2.2691168086262774,1,0.008240327380952381
19240,2.295454889394939,0,0.008240327380952381
19241,2.3221688216886194,0,0.008240327380952381
19242,2.3484628239380596,0,0.008240327380952381
19243,2.375030683708651,0,0.008240327380952381
19244,2.4018115043325947,0,0.008240327380952381
19245,2.330094564879228,1,0.008258928571428572
19246,2.357210266250418,0,0.008258928571428572
19247,2.3844310579558514,0,0.008258928571428572
19248,2.4117346925968373,0,0.008258928571428572
19249,2.340816615267321,1,0.008258928571428572
19250,2.2604058029856615,1,0.008240327380952381
19251,2.287788505132039,0,0.008240327380952381
19252,2.217540553368264,1,0.00822172619047619
19253,2.2450539699810927,0,0.00822172619047619
19254,2.174157220022379,1,0.008240327380952381
19255,2.106060453311125,1,0.008277529761904762
19256,2.1333292418738945,0,0.008277529761904762
19257,2.160696456758694,0,0.008277529761904762
19258,2.1882342381332482,0,0.008277529761904762
19259,2.103217903451645,1,0.008240327380952381
19260,2.1306403259296833,0,0.008240327380952381
19261,2.0597207862868463,1,0.00822172619047619
19262,2.0873168095519077,0,0.00822172619047619
19263,2.115175172057723,0,0.00822172619047619
19264,2.14319669938246,0,0.00822172619047619
19265,2.1713129581194175,0,0.00822172619047619
19266,2.1994889803894844,0,0.00822172619047619
19267,2.1292817668456947,1,0.00822172619047619
19268,2.1569606954653877,0,0.00822172619047619
19269,2.1846585337262967,0,0.00822172619047619
19270,2.212369179780826,0,0.00822172619047619
19271,2.2400881369926577,0,0.00822172619047619
19272,2.2540144237740503,0,0.00822172619047619
19273,2.281140720834253,0,0.00822172619047619
19274,2.3082670645986147,0,0.00822172619047619
19275,2.335391658013021,0,0.00822172619047619
19276,2.3625130169710777,0,0.00822172619047619
19277,2.294307264860691,1,0.00822172619047619
19278,2.223025166871949,1,0.00822172619047619
19279,2.152063991942071,1,0.008258928571428572
19280,2.1794870375950324,0,0.008258928571428572
19281,2.1085782762490166,1,0.008277529761904762
19282,2.13582171344779,0,0.008277529761904762
19283,2.1617561030200947,0,0.008277529761904762
19284,2.1887117891855414,0,0.008277529761904762
19285,2.1172796490149612,1,0.008314732142857143
19286,2.144311748184513,0,0.008314732142857143
19287,2.1713569031211457,0,0.008314732142857143
19288,2.1985347074239057,0,0.008314732142857143
19289,2.225864913693129,0,0.008314732142857143
19290,2.2498097034710187,0,0.008314732142857143
19291,2.1793970789412143,1,0.008351934523809524
19292,2.206460055076656,0,0.008351934523809524
19293,2.2335408446335374,0,0.008351934523809524
19294,2.162207575767901,1,0.008389136904761904
19295,2.189420538271994,0,0.008389136904761904
19296,2.2167869847271615,0,0.008389136904761904
19297,2.244245157390539,0,0.008389136904761904
19298,2.1749365036937123,1,0.008407738095238095
19299,2.1047243233807382,1,0.008389136904761904
19300,2.1324080308622726,0,0.008389136904761904
19301,2.160110204397382,0,0.008389136904761904
19302,2.1878245953288715,0,0.008389136904761904
19303,2.215546596944167,0,0.008389136904761904
19304,2.2432727242392545,0,0.008389136904761904
19305,2.271001681371212,0,0.008389136904761904
19306,2.200305743161413,1,0.008333333333333333
19307,2.1296291825530687,1,0.008333333333333333
19308,2.0583918620210624,1,0.008351934523809524
19309,2.085696297626851,0,0.008351934523809524
19310,2.1130890605404944,0,0.008351934523809524
19311,2.0421214566744257,1,0.008314732142857143
19312,2.069665336079066,0,0.008314732142857143
19313,2.097244989599653,0,0.008314732142857143
19314,2.1248515027004533,0,0.008314732142857143
19315,2.05381526569494,1,0.008296130952380952
19316,2.0814922891930614,0,0.008296130952380952
19317,2.10918080268254,0,0.008296130952380952
19318,2.136877487612618,0,0.008296130952380952
19319,2.1609164371148153,0,0.008296130952380952
19320,2.1881580151014375,0,0.008296130952380952
19321,2.215390808176562,0,0.008296130952380952
19322,2.2426144066824643,0,0.008296130952380952
19323,2.269828405894166,0,0.008296130952380952
19324,2.2970919865704142,0,0.008296130952380952
19325,2.2245832368206315,1,0.008277529761904762
19326,2.2504900007318365,0,0.008277529761904762
19327,2.1783085353067655,1,0.008314732142857143
19328,2.2048019050846523,0,0.008314732142857143
19329,2.2314405598481875,0,0.008314732142857143
19330,2.258180146536313,0,0.008314732142857143
19331,2.2849918433443213,0,0.008314732142857143
19332,2.31185586826446,0,0.008314732142857143
19333,2.240347289942526,1,0.008296130952380952
19334,2.168888378747896,1,0.008277529761904762
19335,2.195909853310323,0,0.008277529761904762
19336,2.2229471044916465,0,0.008277529761904762
19337,2.2499954579913157,0,0.008277529761904762
19338,2.277051119142076,0,0.008277529761904762
19339,2.2056969399712023,1,0.008314732142857143
19340,2.232793678939852,0,0.008314732142857143
19341,2.2598907190604285,0,0.008314732142857143
19342,2.1886045081488166,1,0.008351934523809524
19343,2.2151320786816973,0,0.008351934523809524
19344,2.1433128695002184,1,0.008389136904761904
19345,2.0717163609892335,1,0.008370535714285714
19346,2.000511040813343,1,0.008351934523809524
19347,2.02742024026023,0,0.008351934523809524
19348,2.054364573215663,0,0.008351934523809524
19349,2.08133576748248,0,0.008351934523809524
19350,2.1083273799036983,0,0.008351934523809524
19351,2.1353342596600795,0,0.008351934523809524
19352,2.162353777954783,0,0.008351934523809524
19353,2.186355018527604,0,0.008351934523809524
19354,2.212943376528419,0,0.008351934523809524
19355,2.239522506766144,0,0.008351934523809524
19356,2.266092534097699,0,0.008351934523809524
19357,2.2926521384177185,0,0.008351934523809524
19358,2.3192007053836963,0,0.008351934523809524
19359,2.2474270406361434,1,0.008296130952380952
19360,2.274223215923416,0,0.008296130952380952
19361,2.301090539331721,0,0.008296130952380952
19362,2.3280019026448544,0,0.008296130952380952
19363,2.354940387841804,0,0.008296130952380952
19364,2.381894767678139,0,0.008296130952380952
19365,2.408857194156306,0,0.008296130952380952
19366,2.435821923256709,0,0.008296130952380952
19367,2.462784570413647,0,0.008296130952380952
19368,2.4897416547176,0,0.008296130952380952
19369,2.5166903081703604,0,0.008296130952380952
19370,2.4452690844982254,1,0.008240327380952381
19371,2.3738726042779317,1,0.00818452380952381
19372,2.4009260510122017,0,0.00818452380952381
19373,2.427969361321612,0,0.00818452380952381
19374,2.455001230307222,0,0.00818452380952381
19375,2.4820204393319414,0,0.00818452380952381
19376,2.5090258287259437,0,0.00818452380952381
19377,2.536016276141177,0,0.00818452380952381
19378,2.465230619702819,1,0.00818452380952381
19379,2.492393273411981,0,0.00818452380952381
19380,2.5196106646931833,0,0.00818452380952381
19381,2.4484417526078337,1,0.008147321428571429
19382,2.3773336843883577,1,0.008203125
19383,2.4047019225888038,0,0.008203125
19384,2.333669675784607,1,0.008240327380952381
19385,2.2627328810168432,1,0.008277529761904762
19386,2.2902505835904385,0,0.008277529761904762
19387,2.2164118185115473,1,0.008277529761904762
19388,2.1443064490896644,1,0.008277529761904762
19389,2.170922468321615,0,0.008277529761904762
19390,2.197532435129805,0,0.008277529761904762
19391,2.2241357432939464,0,0.008277529761904762
19392,2.2507318040591757,0,0.008277529761904762
19393,2.2773866341190647,0,0.008277529761904762
19394,2.3041786117499585,0,0.008277529761904762
19395,2.3310536210477806,0,0.008277529761904762
19396,2.3579824497781003,0,0.008277529761904762
19397,2.3849451391342313,0,0.008277529761904762
19398,2.4119295526451294,0,0.008277529761904762
19399,2.438927400862812,0,0.008277529761904762
19400,2.3676050917451077,1,0.008333333333333333
19401,2.394648686848775,0,0.008333333333333333
19402,2.4217797340341702,0,0.008333333333333333
19403,2.448899263679045,0,0.008333333333333333
19404,2.4760068140359177,0,0.008333333333333333
19405,2.3061166330145624,2,0.008333333333333333
19406,2.333269411978227,0,0.008333333333333333
19407,2.3604103942921015,0,0.008333333333333333
19408,2.2900279292682697,1,0.008333333333333333
19409,2.316577978400375,0,0.008333333333333333
19410,2.339519409010036,0,0.008333333333333333
19411,2.265602971124957,1,0.008351934523809524
19412,2.290569919826165,0,0.008351934523809524
19413,2.3159084833712336,0,0.008351934523809524
19414,2.3414760156682077,0,0.008351934523809524
19415,2.3671933567796093,0,0.008351934523809524
19416,2.287612255956499,1,0.008389136904761904
19417,2.2154868381830903,1,0.008407738095238095
19418,2.241181219837555,0,0.008407738095238095
19419,2.2668403762943963,0,0.008407738095238095
19420,2.194037527621934,1,0.008389136904761904
19421,2.2196537716872022,0,0.008389136904761904
19422,2.245227720837146,0,0.008389136904761904
19423,2.2707566501320695,0,0.008389136904761904
19424,2.1992897470228394,1,0.008426339285714285
19425,2.2249750117181897,0,0.008426339285714285
19426,2.155517878099782,1,0.008370535714285714
19427,1.985632828440909,2,0.008370535714285714
19428,1.9140797532702174,1,0.008351934523809524
19429,1.940123984684834,0,0.008351934523809524
19430,1.966152098275117,0,0.008351934523809524
19431,1.9921673166559393,0,0.008351934523809524
19432,2.0181733858149586,0,0.008351934523809524
19433,2.0441740073577757,0,0.008351934523809524
19434,2.070172794031298,0,0.008351934523809524
19435,2.096172809261473,0,0.008351934523809524
19436,2.1221781402604862,0,0.008351934523809524
19437,2.148189261373057,0,0.008351934523809524
19438,2.1742073964207815,0,0.008351934523809524
19439,2.2002332284165735,0,0.008351934523809524
19440,2.226266799657017,0,0.008351934523809524
19441,2.2523076412502276,0,0.008351934523809524
19442,2.1805147553198374,1,0.008370535714285714
19443,2.206362218983281,0,0.008370535714285714
19444,2.133820164423725,1,0.008370535714285714
19445,2.06042577949665,1,0.008333333333333333
19446,2.0860724883636497,0,0.008333333333333333
19447,2.1118067819239985,0,0.008333333333333333
19448,2.1376139564111725,0,0.008333333333333333
19449,2.163481964325153,0,0.008333333333333333
19450,2.1894007502332693,0,0.008333333333333333
19451,2.1169377350407523,1,0.008314732142857143
19452,2.1384833127537233,0,0.008314732142857143
19453,2.160282856420598,0,0.008314732142857143
19454,2.1735558154333026,0,0.008314732142857143
19455,2.1009766013519267,1,0.008333333333333333
19456,2.125755108308708,0,0.008333333333333333
19457,2.0523018775674746,1,0.008277529761904762
19458,2.0774530517038996,0,0.008277529761904762
19459,2.1030027417330963,0,0.008277529761904762
19460,2.0304233746002565,1,0.008277529761904762
19461,2.056631784283103,0,0.008277529761904762
19462,2.082930688426262,0,0.008277529761904762
19463,2.011452439556891,1,0.008258928571428572
19464,2.0378840966729284,0,0.008258928571428572
19465,1.9673156155031402,1,0.008258928571428572
19466,1.9938436839160811,0,0.008258928571428572
19467,2.0203860834184315,0,0.008258928571428572
19468,2.047001431261823,0,0.008258928571428572
19469,2.0736139545991277,0,0.008258928571428572
19470,2.100223294133373,0,0.008258928571428572
19471,2.1268269813971985,0,0.008258928571428572
19472,2.1534239212806594,0,0.008258928571428572
19473,2.081959390379224,1,0.00822172619047619
19474,2.0101636830511644,1,0.008203125
19475,2.0367693386177197,0,0.008203125
19476,2.0633704860069706,0,0.008203125
19477,1.8961002513569276,2,0.008277529761904762
19478,1.9227650320819683,0,0.008277529761904762
19479,1.9494260186500312,0,0.008277529761904762
19480,1.9760808866575243,0,0.008277529761904762
19481,1.9043141359008542,1,0.008296130952380952
19482,1.930989823857209,0,0.008296130952380952
19483,1.9576403134321771,0,0.008296130952380952
19484,1.9842837306550392,0,0.008296130952380952
19485,2.01091942094377,0,0.008296130952380952
19486,2.037546709292732,0,0.008296130952380952
19487,2.0641650201808157,0,0.008296130952380952
19488,2.0907737316445307,0,0.008296130952380952
19489,2.11737222087159,0,0.008296130952380952
19490,2.143959858716678,0,0.008296130952380952
19491,2.1705360044190414,0,0.008296130952380952
19492,2.1971000003700722,0,0.008296130952380952
19493,2.1252269199620857,1,0.008277529761904762
19494,2.151799740998773,0,0.008277529761904762
19495,2.080770657912118,1,0.008314732142857143
19496,2.106763116286961,0,0.008314732142857143
19497,2.1329048404704727,0,0.008314732142857143
19498,2.1591531153849086,0,0.008314732142857143
19499,2.087038133275455,1,0.008351934523809524
19500,2.0151026579594036,1,0.008351934523809524
19501,2.0416534761391856,0,0.008351934523809524
19502,2.06822264737917,0,0.008351934523809524
19503,2.094803370823676,0,0.008351934523809524
19504,2.121390817981108,0,0.008351934523809524
19505,2.049557182035936,1,0.008333333333333333
19506,2.07618347888033,0,0.008333333333333333
19507,2.102813713789514,0,0.008333333333333333
19508,2.1294413464212805,0,0.008333333333333333
19509,2.0582261189787125,1,0.008296130952380952
19510,2.0848784588735914,0,0.008296130952380952
19511,2.013248507960189,1,0.008296130952380952
19512,1.9415229829592155,1,0.008314732142857143
19513,1.9682523941329044,0,0.008314732142857143
19514,1.9949774458261587,0,0.008314732142857143
19515,2.0216975876539545,0,0.008314732142857143
19516,2.0484123059858343,0,0.008314732142857143
19517,2.075121126129514,0,0.008314732142857143
19518,2.1018236045120178,0,0.008314732142857143
19519,2.128519322471286,0,0.008314732142857143
19520,2.155207881273971,0,0.008314732142857143
19521,2.181888898076508,0,0.008314732142857143
19522,2.208562277794542,0,0.008314732142857143
19523,2.2352274014819176,0,0.008314732142857143
19524,2.261883916361961,0,0.008314732142857143
19525,2.288531475285835,0,0.008314732142857143
19526,2.2165829937999852,1,0.008333333333333333
19527,2.243247038581652,0,0.008333333333333333
19528,2.269901897697343,0,0.008333333333333333
19529,2.296547266020888,0,0.008333333333333333
19530,2.323182790343766,0,0.008333333333333333
19531,2.2535692682273143,1,0.008351934523809524
19532,2.2800462749696324,0,0.008351934523809524
19533,2.3065328526263396,0,0.008351934523809524
19534,2.3330240455202373,0,0.008351934523809524
19535,2.357683447330977,0,0.008351934523809524
19536,2.2852804527399813,1,0.008370535714285714
19537,2.2128705827726547,1,0.008370535714285714
19538,2.238909980620258,0,0.008370535714285714
19539,2.2649396164716014,0,0.008370535714285714
19540,2.2909591732461663,0,0.008370535714285714
19541,2.3171016883159283,0,0.008370535714285714
19542,2.3433602799335334,0,0.008370535714285714
19543,2.3696882692613985,0,0.008370535714285714
19544,2.2976348803017763,1,0.008351934523809524
19545,2.3240674253433418,0,0.008351934523809524
19546,2.3505166342803783,0,0.008351934523809524
19547,2.1807224201707744,2,0.008296130952380952
19548,2.207288895517983,0,0.008296130952380952
19549,2.1361884078877673,1,0.008240327380952381
19550,2.162794278232804,0,0.008240327380952381
19551,2.0909901302164577,1,0.008240327380952381
19552,2.117629670339805,0,0.008240327380952381
19553,2.1442663219518945,0,0.008240327380952381
19554,2.1708989356055777,0,0.008240327380952381
19555,2.197526452408084,0,0.008240327380952381
19556,2.2241479622244307,0,0.008240327380952381
19557,2.250762694295934,0,0.008240327380952381
19558,2.277369932364014,0,0.008240327380952381
19559,2.3039690196778966,0,0.008240327380952381
19560,2.3305592693168844,0,0.008240327380952381
19561,2.3571401976645223,0,0.008240327380952381
19562,2.285331166601219,1,0.008277529761904762
19563,2.3119269494618155,0,0.008277529761904762
19564,2.338512603581145,0,0.008277529761904762
19565,2.2677008198971675,1,0.008277529761904762
19566,2.2942985549948953,0,0.008277529761904762
19567,2.3208854943290507,0,0.008277529761904762
19568,2.347461190505763,0,0.008277529761904762
19569,2.3740251730377064,0,0.008277529761904762
19570,2.4005648071514027,0,0.008277529761904762
19571,2.230253579873975,2,0.008296130952380952
19572,2.2568393282915546,0,0.008296130952380952
19573,2.2834136214169565,0,0.008296130952380952
19574,2.3099759829080737,0,0.008296130952380952
19575,2.3365258504359416,0,0.008296130952380952
19576,2.3630626762733216,0,0.008296130952380952
19577,2.3895858972686144,0,0.008296130952380952
19578,2.4160949330402546,0,0.008296130952380952
19579,2.4425891833464064,0,0.008296130952380952
19580,2.4690680167210117,0,0.008296130952380952
19581,2.3976906828514153,1,0.008277529761904762
19582,2.424171061857115,0,0.008277529761904762
19583,2.3522106911263494,1,0.008240327380952381
19584,2.378690629089052,0,0.008240327380952381
19585,2.3073623906236476,1,0.008240327380952381
19586,2.3338948289054744,0,0.008240327380952381
19587,2.360412499712051,0,0.008240327380952381
19588,2.3869147778952096,0,0.008240327380952381
19589,2.315629485608998,1,0.00818452380952381
19590,2.24500968750817,1,0.008203125
19591,2.27163073277586,0,0.008203125
19592,2.1998368154221204,1,0.008258928571428572
19593,2.128047998401065,1,0.008240327380952381
19594,2.056284211409839,1,0.008203125
19595,2.0829666078729683,0,0.008203125
19596,2.1096402973854307,0,0.008203125
19597,2.1363049521719066,0,0.008203125
19598,2.1629602911375114,0,0.008203125
19599,2.189605947467884,0,0.008203125
19600,2.216241592805341,0,0.008203125
19601,2.1451643195525922,1,0.00822172619047619
19602,2.1718129810086624,0,0.00822172619047619
19603,2.1984514489245326,0,0.00822172619047619
19604,2.2250793887743794,0,0.00822172619047619
19605,2.2516964617429793,0,0.00822172619047619
19606,2.2783023217787894,0,0.00822172619047619
19607,2.304896619089471,0,0.00822172619047619
19608,2.331478995457385,0,0.00822172619047619
19609,2.358049084808204,0,0.00822172619047619
19610,2.384606512490749,0,0.00822172619047619
19611,2.3127268232368237,1,0.008258928571428572
19612,2.339293042497923,0,0.008258928571428572
19613,2.3658462171072534,0,0.008258928571428572
19614,2.392385966299206,0,0.008258928571428572
19615,2.4189119098824796,0,0.008258928571428572
19616,2.445423589966184,0,0.008258928571428572
19617,2.3734963773187165,1,0.008277529761904762
19618,2.400013376817198,0,0.008277529761904762
19619,2.4265155236859024,0,0.008277529761904762
19620,2.453002356313257,0,0.008277529761904762
19621,2.381049509428113,1,0.008296130952380952
19622,2.4075439416278908,0,0.008296130952380952
19623,2.2377463799997317,2,0.008277529761904762
19624,2.2642860427245024,0,0.008277529761904762
19625,2.2908106496634693,0,0.008277529761904762
19626,2.219040875008883,1,0.008240327380952381
19627,2.1486432453997693,1,0.008240327380952381
19628,2.077613806466936,1,0.008258928571428572
19629,2.0058211942646706,1,0.00822172619047619
19630,2.0324759060830013,0,0.00822172619047619
19631,1.9606952316078863,1,0.008203125
19632,1.987362557542534,0,0.008203125
19633,2.014019491223531,0,0.008203125
19634,2.0406656936023175,0,0.008203125
19635,2.0673000827690062,0,0.008203125
19636,2.093922218785463,0,0.008203125
19637,2.120531637353325,0,0.008203125
19638,2.1471278474520106,0,0.008203125
19639,2.075286179906432,1,0.008203125
19640,2.101889569986955,0,0.008203125
19641,2.030529558905363,1,0.008258928571428572
19642,1.9593834184508099,1,0.008240327380952381
19643,1.8876645277358965,1,0.008240327380952381
19644,1.914389798734551,0,0.008240327380952381
19645,1.9411072567295617,0,0.008240327380952381
19646,1.9678165079500363,0,0.008240327380952381
19647,1.8960929333159657,1,0.008258928571428572
19648,1.9228194251602366,0,0.008258928571428572
19649,1.9495375504876151,0,0.008258928571428572
19650,1.9762469651174612,0,0.008258928571428572
19651,2.002947322709179,0,0.008258928571428572
19652,2.0296382712877072,0,0.008258928571428572
19653,2.0563194552100827,0,0.008258928571428572
19654,2.0829905104169657,0,0.008258928571428572
19655,2.1096509910686114,0,0.008258928571428572
19656,2.136300573642602,0,0.008258928571428572
19657,2.1629388628028248,0,0.008258928571428572
19658,2.1895654502638457,0,0.008258928571428572
19659,2.1177556664433816,1,0.008240327380952381
19660,2.144392757817842,0,0.008240327380952381
19661,2.1710176440479714,0,0.008240327380952381
19662,2.197629861709639,0,0.008240327380952381
19663,2.224228925776067,0,0.008240327380952381
19664,2.2508143273912813,0,0.008240327380952381
19665,2.081131999440413,2,0.008203125
19666,2.107769184155344,0,0.008203125
19667,2.036995390828218,1,0.00822172619047619
19668,2.063639538892449,0,0.00822172619047619
19669,2.0902700201982722,0,0.00822172619047619
19670,2.116886204058768,0,0.00822172619047619
19671,2.0451217347148214,1,0.008240327380952381
19672,2.0718038886252232,0,0.008240327380952381
19673,2.0984743814077733,0,0.008240327380952381
19674,2.125132652710103,0,0.008240327380952381
19675,2.0534387718765057,1,0.008240327380952381
19676,2.0801852099870026,0,0.008240327380952381
19677,2.1069237416964652,0,0.008240327380952381
19678,1.9381215303372517,2,0.00822172619047619
19679,1.964295369057316,0,0.00822172619047619
19680,1.9904640882926279,0,0.00822172619047619
19681,2.0166272439111204,0,0.00822172619047619
19682,2.0427844326316613,0,0.00822172619047619
19683,2.068935281869746,0,0.00822172619047619
19684,2.095079444856143,0,0.00822172619047619
19685,2.1212165933417078,0,0.00822172619047619
19686,2.1473464140319183,0,0.00822172619047619
19687,2.1734686052794028,0,0.00822172619047619
19688,2.1995829832327685,0,0.00822172619047619
19689,2.225773993386299,0,0.00822172619047619
19690,2.2520481744167937,0,0.00822172619047619
19691,2.278381663543624,0,0.00822172619047619
19692,2.2063463640606913,1,0.00822172619047619
19693,2.232788114936186,0,0.00822172619047619
19694,2.2592535838271472,0,0.00822172619047619
19695,2.2857363503550956,0,0.00822172619047619
19696,2.31223145003385,0,0.00822172619047619
19697,2.3387364476142194,0,0.00822172619047619
19698,2.3652469097270243,0,0.00822172619047619
19699,2.3917603085763925,0,0.00822172619047619
19700,2.418274552286135,0,0.00822172619047619
19701,2.4401590989634134,0,0.00822172619047619
19702,2.367903949062393,1,0.008240327380952381
19703,2.295524849105261,1,0.008296130952380952
19704,2.3215947984676033,0,0.008296130952380952
19705,2.347654903487192,0,0.008296130952380952
19706,2.373842300346918,0,0.008296130952380952
19707,2.4001538301893004,0,0.008296130952380952
19708,2.4265375386076102,0,0.008296130952380952
19709,2.4529649763800445,0,0.008296130952380952
19710,2.382377653043607,1,0.008296130952380952
19711,2.311922064937853,1,0.008277529761904762
19712,2.338468212217828,0,0.008277529761904762
19713,2.1682566798423593,2,0.008370535714285714
19714,2.194280006011345,0,0.008370535714285714
19715,2.121888449068142,1,0.008407738095238095
19716,2.147919295632521,0,0.008407738095238095
19717,2.0755266416741343,1,0.008370535714285714
19718,2.1015923103558696,0,0.008370535714285714
19719,2.127656159105044,0,0.008370535714285714
19720,2.153716972282487,0,0.008370535714285714
19721,2.179773701556696,0,0.008370535714285714
19722,2.2058254407925943,0,0.008370535714285714
19723,2.2318714408716427,0,0.008370535714285714
19724,2.257928682883718,0,0.008370535714285714
19725,2.2840728647688864,0,0.008370535714285714
19726,2.310281246415231,0,0.008370535714285714
19727,2.3365375823356747,0,0.008370535714285714
19728,2.2644133146649583,1,0.008351934523809524
19729,2.290775805738989,0,0.008351934523809524
19730,2.3171595129177005,0,0.008351934523809524
19731,2.2451348800331856,1,0.008296130952380952
19732,2.2715811176437324,0,0.008296130952380952
19733,2.2980361252231987,0,0.008296130952380952
19734,2.3244970728156007,0,0.008296130952380952
19735,2.3509615305436027,0,0.008296130952380952
19736,2.37742746436558,0,0.008296130952380952
19737,2.207080874550594,2,0.008370535714285714
19738,2.2336181868884806,0,0.008370535714285714
19739,2.2601542083017816,0,0.008370535714285714
19740,2.2807663638581843,0,0.008370535714285714
19741,2.306803361424962,0,0.008370535714285714
19742,2.332830378428522,0,0.008370535714285714
19743,2.35884711326791,0,0.008370535714285714
19744,2.3848532640219395,0,0.008370535714285714
19745,2.410934641151264,0,0.008370535714285714
19746,2.4371607584701724,0,0.008370535714285714
19747,2.365044827558995,1,0.008351934523809524
19748,2.3914373048893527,0,0.008351934523809524
19749,2.319566691834392,1,0.008333333333333333
19750,2.3460426585146097,0,0.008333333333333333
19751,2.2741053142612198,1,0.008351934523809524
19752,2.300632796981938,0,0.008351934523809524
19753,2.3271637638711096,0,0.008351934523809524
19754,2.3536940266338,0,0.008351934523809524
19755,2.2818065307254964,1,0.008389136904761904
19756,2.210031864677457,1,0.008370535714285714
19757,2.236619122779978,0,0.008370535714285714
19758,2.1647779743015922,1,0.008370535714285714
19759,2.0929739692864677,1,0.008370535714285714
19760,2.0212397011207437,1,0.008426339285714285
19761,2.047914572547375,0,0.008426339285714285
19762,2.0745832641823463,0,0.008426339285714285
19763,2.1012451721505863,0,0.008426339285714285
19764,2.1278997701660485,0,0.008426339285714285
19765,2.1545465699478337,0,0.008426339285714285
19766,2.1811850876388137,0,0.008426339285714285
19767,2.1093913946295477,1,0.008389136904761904
19768,2.136053727733353,0,0.008389136904761904
19769,2.1627076618063743,0,0.008389136904761904
19770,2.1893528343055904,0,0.008389136904761904
19771,2.215988892146632,0,0.008389136904761904
19772,2.2426154894313948,0,0.008389136904761904
19773,2.2692322855476506,0,0.008389136904761904
19774,2.295838943563613,0,0.008389136904761904
19775,2.3224351288574696,0,0.008389136904761904
19776,2.3490205079347497,0,0.008389136904761904
19777,2.2771705285820523,1,0.008351934523809524
19778,2.3034918157897524,0,0.008351934523809524
19779,2.3298581833140446,0,0.008351934523809524
19780,2.3562532887532677,0,0.008351934523809524
19781,2.3826663803963446,0,0.008351934523809524
19782,2.409090491302492,0,0.008351934523809524
19783,2.3370956680831556,1,0.008351934523809524
19784,2.3635333088798904,0,0.008351934523809524
19785,2.3899732340182847,0,0.008351934523809524
19786,2.318578518321645,1,0.008314732142857143
19787,2.345050043859077,0,0.008314732142857143
19788,2.371517604614571,0,0.008314732142857143
19789,2.201131142126269,2,0.008296130952380952
19790,2.2276566142389322,0,0.008296130952380952
19791,2.2541771229230823,0,0.008296130952380952
19792,2.1822675538742886,1,0.008296130952380952
19793,2.110384904935879,1,0.008277529761904762
19794,2.0379292010029215,1,0.008258928571428572
19795,1.9655220280364138,1,0.008314732142857143
19796,1.9909687025383223,0,0.008314732142857143
19797,1.9180030457985486,1,0.008296130952380952
19798,1.9434728377710966,0,0.008296130952380952
19799,1.96893696509936,0,0.008296130952380952
19800,1.9943949283331284,0,0.008296130952380952
19801,2.019900883007333,0,0.008296130952380952
19802,2.045498856017923,0,0.008296130952380952
19803,2.071162445522709,0,0.008296130952380952
19804,2.096873650035542,0,0.008296130952380952
19805,2.0241955773692983,1,0.008333333333333333
19806,2.0499623288069144,0,0.008333333333333333
19807,1.9774899088397904,1,0.008333333333333333
19808,1.8071378572525776,2,0.008351934523809524
19809,1.8324655329472126,0,0.008351934523809524
19810,1.8578050070442773,0,0.008351934523809524
19811,1.8796200337383717,0,0.008351934523809524
19812,1.9045801914819074,0,0.008351934523809524
19813,1.8312423578429142,1,0.008370535714285714
19814,1.8563895802255634,0,0.008370535714285714
19815,1.881583685368431,0,0.008370535714285714
19816,1.9068125126782363,0,0.008370535714285714
19817,1.9322445699741413,0,0.008370535714285714
19818,1.95749104539809,0,0.008370535714285714
19819,1.982858306283572,0,0.008370535714285714
19820,2.008313295433871,0,0.008370535714285714
19821,2.033833888517019,0,0.008370535714285714
19822,2.0594044978366437,0,0.008370535714285714
19823,2.0850136657090523,0,0.008370535714285714
19824,2.1061115361966656,0,0.008370535714285714
19825,2.0276399683098356,1,0.008389136904761904
19826,2.0526290911530554,0,0.008389136904761904
19827,2.077672161207966,0,0.008389136904761904
19828,2.1027546527645797,0,0.008389136904761904
19829,2.127985681105547,0,0.008389136904761904
19830,2.1534025829029972,0,0.008389136904761904
19831,1.9822497412042663,2,0.008407738095238095
19832,2.008186923229765,0,0.008407738095238095
19833,1.9358466090903812,1,0.008370535714285714
19834,1.9614464585250377,0,0.008370535714285714
19835,1.9871038341923764,0,0.008370535714285714
19836,2.012803809763835,0,0.008370535714285714
19837,1.940235253064522,1,0.008370535714285714
19838,1.9606751134592677,0,0.008370535714285714
19839,1.9860460535699884,0,0.008370535714285714
19840,2.011426379068312,0,0.008370535714285714
19841,1.9385195248539802,1,0.008407738095238095
19842,1.9639447649874162,0,0.008407738095238095
19843,1.9895077779446186,0,0.008407738095238095
19844,2.015210723155329,0,0.008407738095238095
19845,1.942822719054612,1,0.008407738095238095
19846,1.9686983890382523,0,0.008407738095238095
19847,1.9946725922749067,0,0.008407738095238095
19848,2.0207486523993783,0,0.008407738095238095
19849,2.0469021435019754,0,0.008407738095238095
19850,2.073115324641121,0,0.008407738095238095
19851,2.0993749575661265,0,0.008407738095238095
19852,2.1256709324192666,0,0.008407738095238095
19853,2.151995369523331,0,0.008407738095238095
19854,2.1783420140552865,0,0.008407738095238095
19855,2.2047058173905008,0,0.008407738095238095
19856,2.2310826410014606,0,0.008407738095238095
19857,2.257469042880356,0,0.008407738095238095
19858,2.1855343037305706,1,0.008444940476190476
19859,2.2119666321314533,0,0.008444940476190476
19860,2.2384017993451124,0,0.008444940476190476
19861,2.2598069669633896,0,0.008444940476190476
19862,2.2857695159808356,0,0.008444940476190476
19863,2.3117230590588185,0,0.008444940476190476
19864,2.3376669531131005,0,0.008444940476190476
19865,2.3636005758622094,0,0.008444940476190476
19866,2.3895233193857437,0,0.008444940476190476
19867,2.3177545214302575,1,0.008444940476190476
19868,2.2461324050912905,1,0.008407738095238095
19869,2.272263773044794,0,0.008407738095238095
19870,2.2984700173067636,0,0.008407738095238095
19871,2.3247259219969423,0,0.008407738095238095
19872,2.351015571658699,0,0.008407738095238095
19873,2.377326725119565,0,0.008407738095238095
19874,2.4036510619377878,0,0.008407738095238095
19875,2.4299823605670023,0,0.008407738095238095
19876,2.2604056726762685,2,0.008370535714285714
19877,2.1878485929369673,1,0.008370535714285714
19878,2.1159169637054713,1,0.008370535714285714
19879,2.1418557052767433,0,0.008370535714285714
19880,2.167792943203544,0,0.008370535714285714
19881,2.193727143007661,0,0.008370535714285714
19882,2.121604041813225,1,0.008389136904761904
19883,2.049142914935175,1,0.008444940476190476
19884,2.0751358727059146,0,0.008444940476190476
19885,2.1012017412800117,0,0.008444940476190476
19886,2.127337789986254,0,0.008444940476190476
19887,2.153526633471234,0,0.008444940476190476
19888,2.179755395934713,0,0.008444940476190476
19889,2.2060142991019775,0,0.008444940476190476
19890,2.2322957358024818,0,0.008444940476190476
19891,2.2585949257166846,0,0.008444940476190476
19892,2.284905860849389,0,0.008444940476190476
19893,2.3112245557721787,0,0.008444940476190476
19894,2.2362194774372837,1,0.008444940476190476
19895,2.26214585325505,0,0.008444940476190476
19896,2.288060273877193,0,0.008444940476190476
19897,2.2155378460352866,1,0.008482142857142856
19898,2.241461602922784,0,0.008482142857142856
19899,2.2673722587139173,0,0.008482142857142856
19900,2.2932288215318253,0,0.008482142857142856
19901,2.319227894323186,0,0.008482142857142856
19902,2.1496947352752245,2,0.008444940476190476
19903,2.1759763374246273,0,0.008444940476190476
19904,2.2022984879930294,0,0.008444940476190476
19905,2.228828679097751,0,0.008444940476190476
19906,2.2553472409691477,0,0.008444940476190476
19907,2.281853452324894,0,0.008444940476190476
19908,2.308346609005192,0,0.008444940476190476
19909,2.3348259871994737,0,0.008444940476190476
19910,2.361290843686962,0,0.008444940476190476
19911,2.38762787847017,0,0.008444940476190476
19912,2.413953992850753,0,0.008444940476190476
19913,2.3356565999249552,1,0.008463541666666666
19914,2.360976902030424,0,0.008463541666666666
19915,2.190643061759402,2,0.008426339285714285
19916,2.2160932264237774,0,0.008426339285714285
19917,2.1431992007969596,1,0.008389136904761904
19918,2.1688411614086993,0,0.008389136904761904
19919,2.1947069957465435,0,0.008389136904761904
19920,2.2207092683374494,0,0.008389136904761904
19921,2.1483760085081234,1,0.008370535714285714
19922,2.07613798429488,1,0.008370535714285714
19923,2.1024015350666834,0,0.008370535714285714
19924,2.030270923393685,1,0.008351934523809524
19925,1.9581957412101487,1,0.008389136904761904
19926,1.8825661238642315,1,0.008389136904761904
19927,1.9085773349624957,0,0.008389136904761904
19928,1.934588536996955,0,0.008389136904761904
19929,1.9605977505776124,0,0.008389136904761904
19930,1.986603382696772,0,0.008389136904761904
19931,2.012663651158599,0,0.008389136904761904
19932,2.0388791601372214,0,0.008389136904761904
19933,1.9667609697803146,1,0.008407738095238095
19934,1.9931522731877434,0,0.008407738095238095
19935,2.019579893356918,0,0.008407738095238095
19936,2.0460306055195416,0,0.008407738095238095
19937,2.072495547048106,0,0.008407738095238095
19938,2.098970008890408,0,0.008407738095238095
19939,2.125447867619431,0,0.008407738095238095
19940,2.1519255793866154,0,0.008407738095238095
19941,2.1784003340378457,0,0.008407738095238095
19942,2.2048698292744398,0,0.008407738095238095
19943,2.231332120153646,0,0.008407738095238095
19944,2.257785515619986,0,0.008407738095238095
19945,2.2842285052506344,0,0.008407738095238095
19946,2.3106597058800062,0,0.008407738095238095
19947,2.337077821554271,0,0.008407738095238095
19948,2.266210392720715,1,0.008389136904761904
19949,2.292632222076346,0,0.008389136904761904
19950,2.221142756080391,1,0.008351934523809524
19951,2.2476383758737795,0,0.008351934523809524
19952,2.175696952491105,1,0.008389136904761904
19953,2.201895841550868,0,0.008389136904761904
19954,2.2281190040960515,0,0.008389136904761904
19955,2.0575343100247334,2,0.008444940476190476
19956,2.0822890227824162,0,0.008444940476190476
19957,2.1074638401627066,0,0.008444940476190476
19958,2.0344826147105675,1,0.008482142857142856
19959,2.0601200047278585,0,0.008482142857142856
19960,2.085873838579072,0,0.008482142857142856
19961,2.013279444883873,1,0.008500744047619047
19962,2.039278114343206,0,0.008500744047619047
19963,1.9636319919984047,1,0.00855654761904762
19964,1.9887228736272429,0,0.00855654761904762
19965,2.008613642293073,0,0.00855654761904762
19966,2.0332879070185306,0,0.00855654761904762
19967,2.057969526373485,0,0.00855654761904762
19968,2.082685817874931,0,0.00855654761904762
19969,2.107580376417537,0,0.00855654761904762
19970,2.1325781689622634,0,0.00855654761904762
19971,2.157639366133806,0,0.00855654761904762
19972,2.0850180917776417,1,0.00855654761904762
19973,1.9145862017747732,2,0.008537946428571428
19974,1.940502058998849,0,0.008537946428571428
19975,1.9664340792984791,0,0.008537946428571428
19976,1.9923761249805798,0,0.008537946428571428
19977,2.0183243930299866,0,0.008537946428571428
19978,2.0442759127681667,0,0.008537946428571428
19979,2.070228302043172,0,0.008537946428571428
19980,2.096265165040029,0,0.008537946428571428
19981,2.1223462486590736,0,0.008537946428571428
19982,2.148493633514952,0,0.008537946428571428
19983,2.174689759593756,0,0.008537946428571428
19984,2.200921957211279,0,0.008537946428571428
19985,2.2271807812198663,0,0.008537946428571428
19986,2.2534589959225513,0,0.008537946428571428
19987,2.1824636633147207,1,0.00855654761904762
19988,2.208807921420799,0,0.00855654761904762
19989,2.235158886181823,0,0.00855654761904762
19990,2.2615134474855942,0,0.00855654761904762
19991,2.189448276886276,1,0.00857514880952381
19992,2.2158411089487586,0,0.00857514880952381
19993,2.237107138766432,0,0.00857514880952381
19994,2.262994028414775,0,0.00857514880952381
19995,2.288869588941938,0,0.00857514880952381
19996,2.314732133281889,0,0.00857514880952381
19997,2.1437649656530113,2,0.00857514880952381
19998,2.16913914704643,0,0.00857514880952381
19999,2.097328423726959,1,0.008537946428571428
20000,2.0261052182828516,1,0.008500744047619047
